!-   ===========  ALL OBJECTS IN CLASS: SHADING:BUILDING:DETAILED ===========

Shading:Building:Detailed,
  shade_c_d01,
  ,
  4.0,
  14.780409331273612,
  6.627705485309376,
  2.5,
  16.28040933127361,
  6.627705485309376,
  2.5,
  16.28040933127361,
  8.127705485309378,
  2.5,
  14.780409331273612,
  8.127705485309378,
  2.5;

Shading:Building:Detailed,
  shade_c_e01,
  ,
  4.0,
  0.0,
  -1.5,
  2.5,
  -1.5,
  -1.5,
  2.5,
  -1.5,
  0.0,
  2.5,
  0.0,
  0.0,
  2.5;

Shading:Building:Detailed,
  shade_c_i01,
  ,
  4.0,
  8.653583072924187,
  -1.5,
  2.5,
  10.153583072924187,
  -1.5,
  2.5,
  10.153583072924187,
  0.0,
  2.5,
  8.653583072924187,
  0.0,
  2.5;

Shading:Building:Detailed,
  shade_c_i02,
  ,
  4.0,
  14.780409331273612,
  -0.4714087303500969,
  2.5,
  16.28040933127361,
  -0.4714087303500969,
  2.5,
  16.28040933127361,
  1.028591269649903,
  2.5,
  14.780409331273612,
  1.028591269649903,
  2.5;

Shading:Building:Detailed,
  shade_c_s01,
  ,
  4.0,
  7.153583072924187,
  6.627705485309376,
  2.5,
  8.653583072924187,
  6.627705485309376,
  2.5,
  8.653583072924187,
  8.127705485309378,
  2.5,
  7.153583072924187,
  8.127705485309378,
  2.5;

Shading:Building:Detailed,
  shade_c_s02,
  ,
  4.0,
  -1.5,
  6.028439267339433,
  2.5,
  0.0,
  6.028439267339433,
  2.5,
  0.0,
  7.528439267339433,
  2.5,
  -1.5,
  7.528439267339433,
  2.5;

Shading:Building:Detailed,
  shade_d01,
  ,
  4.0,
  8.653583072924187,
  0.0,
  2.5,
  10.153583072924187,
  0.0,
  2.5,
  10.153583072924187,
  1.028591269649903,
  2.5,
  8.653583072924187,
  1.028591269649903,
  2.5;

Shading:Building:Detailed,
  shade_d02,
  ,
  4.0,
  14.780409331273612,
  1.028591269649903,
  2.5,
  16.28040933127361,
  1.028591269649903,
  2.5,
  16.28040933127361,
  6.627705485309376,
  2.5,
  14.780409331273612,
  6.627705485309376,
  2.5;

Shading:Building:Detailed,
  shade_e01,
  ,
  4.0,
  7.153583072924187,
  6.028439267339433,
  2.5,
  8.653583072924187,
  6.028439267339433,
  2.5,
  8.653583072924187,
  6.627705485309376,
  2.5,
  7.153583072924187,
  6.627705485309376,
  2.5;

Shading:Building:Detailed,
  shade_e02,
  ,
  4.0,
  -1.5,
  0.0,
  2.5,
  0.0,
  0.0,
  2.5,
  0.0,
  6.028439267339433,
  2.5,
  -1.5,
  6.028439267339433,
  2.5;

Shading:Building:Detailed,
  shade_i01,
  ,
  4.0,
  0.0,
  -1.5,
  2.5,
  8.653583072924187,
  -1.5,
  2.5,
  8.653583072924187,
  0.0,
  2.5,
  0.0,
  0.0,
  2.5;

Shading:Building:Detailed,
  shade_i02,
  ,
  4.0,
  8.653583072924187,
  -0.4714087303500969,
  2.5,
  14.780409331273612,
  -0.4714087303500969,
  2.5,
  14.780409331273612,
  1.028591269649903,
  2.5,
  8.653583072924187,
  1.028591269649903,
  2.5;

Shading:Building:Detailed,
  shade_s01,
  ,
  4.0,
  8.653583072924187,
  6.627705485309376,
  2.5,
  14.780409331273612,
  6.627705485309376,
  2.5,
  14.780409331273612,
  8.127705485309378,
  2.5,
  8.653583072924187,
  8.127705485309378,
  2.5;

Shading:Building:Detailed,
  shade_s02,
  ,
  4.0,
  0.0,
  6.028439267339433,
  2.5,
  8.653583072924187,
  6.028439267339433,
  2.5,
  8.653583072924187,
  7.528439267339433,
  2.5,
  0.0,
  7.528439267339433,
  2.5;
