!-   ===========  ALL OBJECTS IN CLASS: SHADING:BUILDING:DETAILED ===========

Shading:Building:Detailed,
  shade_c_d01,
  ,
  4.0,
  8.095563599898404,
  9.075359497011675,
  2.5,
  8.595563599898404,
  9.075359497011675,
  2.5,
  8.595563599898404,
  9.575359497011675,
  2.5,
  8.095563599898404,
  9.575359497011675,
  2.5;

Shading:Building:Detailed,
  shade_c_e01,
  ,
  4.0,
  0.0,
  -0.5,
  2.5,
  -0.5,
  -0.5,
  2.5,
  -0.5,
  0.0,
  2.5,
  0.0,
  0.0,
  2.5;

Shading:Building:Detailed,
  shade_c_i01,
  ,
  4.0,
  4.7397626522854499,
  -0.5,
  2.5,
  5.2397626522854499,
  -0.5,
  2.5,
  5.2397626522854499,
  0.0,
  2.5,
  4.7397626522854499,
  0.0,
  2.5;

Shading:Building:Detailed,
  shade_c_i02,
  ,
  4.0,
  8.095563599898404,
  0.9084566021003272,
  2.5,
  8.595563599898404,
  0.9084566021003272,
  2.5,
  8.595563599898404,
  1.408456602100327,
  2.5,
  8.095563599898404,
  1.408456602100327,
  2.5;

Shading:Building:Detailed,
  shade_c_s01,
  ,
  4.0,
  4.2397626522854499,
  9.075359497011675,
  2.5,
  4.7397626522854499,
  9.075359497011675,
  2.5,
  4.7397626522854499,
  9.575359497011675,
  2.5,
  4.2397626522854499,
  9.575359497011675,
  2.5;

Shading:Building:Detailed,
  shade_c_s02,
  ,
  4.0,
  -0.5,
  8.25478043317931,
  2.5,
  0.0,
  8.25478043317931,
  2.5,
  0.0,
  8.75478043317931,
  2.5,
  -0.5,
  8.75478043317931,
  2.5;

Shading:Building:Detailed,
  shade_d01,
  ,
  4.0,
  4.7397626522854499,
  0.0,
  2.5,
  5.2397626522854499,
  0.0,
  2.5,
  5.2397626522854499,
  1.408456602100327,
  2.5,
  4.7397626522854499,
  1.408456602100327,
  2.5;

Shading:Building:Detailed,
  shade_d02,
  ,
  4.0,
  8.095563599898404,
  1.408456602100327,
  2.5,
  8.595563599898404,
  1.408456602100327,
  2.5,
  8.595563599898404,
  9.075359497011675,
  2.5,
  8.095563599898404,
  9.075359497011675,
  2.5;

Shading:Building:Detailed,
  shade_e01,
  ,
  4.0,
  4.2397626522854499,
  8.25478043317931,
  2.5,
  4.7397626522854499,
  8.25478043317931,
  2.5,
  4.7397626522854499,
  9.075359497011675,
  2.5,
  4.2397626522854499,
  9.075359497011675,
  2.5;

Shading:Building:Detailed,
  shade_e02,
  ,
  4.0,
  -0.5,
  0.0,
  2.5,
  0.0,
  0.0,
  2.5,
  0.0,
  8.25478043317931,
  2.5,
  -0.5,
  8.25478043317931,
  2.5;

Shading:Building:Detailed,
  shade_i01,
  ,
  4.0,
  0.0,
  -0.5,
  2.5,
  4.7397626522854499,
  -0.5,
  2.5,
  4.7397626522854499,
  0.0,
  2.5,
  0.0,
  0.0,
  2.5;

Shading:Building:Detailed,
  shade_i02,
  ,
  4.0,
  4.7397626522854499,
  0.9084566021003272,
  2.5,
  8.095563599898404,
  0.9084566021003272,
  2.5,
  8.095563599898404,
  1.408456602100327,
  2.5,
  4.7397626522854499,
  1.408456602100327,
  2.5;

Shading:Building:Detailed,
  shade_s01,
  ,
  4.0,
  4.7397626522854499,
  9.075359497011675,
  2.5,
  8.095563599898404,
  9.075359497011675,
  2.5,
  8.095563599898404,
  9.575359497011675,
  2.5,
  4.7397626522854499,
  9.575359497011675,
  2.5;

Shading:Building:Detailed,
  shade_s02,
  ,
  4.0,
  0.0,
  8.25478043317931,
  2.5,
  4.7397626522854499,
  8.25478043317931,
  2.5,
  4.7397626522854499,
  8.75478043317931,
  2.5,
  0.0,
  8.75478043317931,
  2.5;
