!-   ===========  ALL OBJECTS IN CLASS: SHADING:BUILDING:DETAILED ===========

Shading:Building:Detailed,
  shade_c_d01,
  ,
  4.0,
  12.800209959215513,
  5.739761319079391,
  2.5,
  13.300209959215513,
  5.739761319079391,
  2.5,
  13.300209959215513,
  6.239761319079391,
  2.5,
  12.800209959215513,
  6.239761319079391,
  2.5;

Shading:Building:Detailed,
  shade_c_e01,
  ,
  4.0,
  0.0,
  -0.5,
  2.5,
  -0.5,
  -0.5,
  2.5,
  -0.5,
  0.0,
  2.5,
  0.0,
  0.0,
  2.5;

Shading:Building:Detailed,
  shade_c_i01,
  ,
  4.0,
  7.494222774911352,
  -0.5,
  2.5,
  7.994222774911352,
  -0.5,
  2.5,
  7.994222774911352,
  0.0,
  2.5,
  7.494222774911352,
  0.0,
  2.5;

Shading:Building:Detailed,
  shade_c_i02,
  ,
  4.0,
  12.800209959215513,
  0.39078616962770587,
  2.5,
  13.300209959215513,
  0.39078616962770587,
  2.5,
  13.300209959215513,
  0.8907861696277057,
  2.5,
  12.800209959215513,
  0.8907861696277057,
  2.5;

Shading:Building:Detailed,
  shade_c_s01,
  ,
  4.0,
  6.994222774911352,
  5.739761319079391,
  2.5,
  7.494222774911352,
  5.739761319079391,
  2.5,
  7.494222774911352,
  6.239761319079391,
  2.5,
  6.994222774911352,
  6.239761319079391,
  2.5;

Shading:Building:Detailed,
  shade_c_s02,
  ,
  4.0,
  -0.5,
  5.220781550687597,
  2.5,
  0.0,
  5.220781550687597,
  2.5,
  0.0,
  5.720781550687597,
  2.5,
  -0.5,
  5.720781550687597,
  2.5;

Shading:Building:Detailed,
  shade_d01,
  ,
  4.0,
  7.494222774911352,
  0.0,
  2.5,
  7.994222774911352,
  0.0,
  2.5,
  7.994222774911352,
  0.8907861696277057,
  2.5,
  7.494222774911352,
  0.8907861696277057,
  2.5;

Shading:Building:Detailed,
  shade_d02,
  ,
  4.0,
  12.800209959215513,
  0.8907861696277057,
  2.5,
  13.300209959215513,
  0.8907861696277057,
  2.5,
  13.300209959215513,
  5.739761319079391,
  2.5,
  12.800209959215513,
  5.739761319079391,
  2.5;

Shading:Building:Detailed,
  shade_e01,
  ,
  4.0,
  6.994222774911352,
  5.220781550687597,
  2.5,
  7.494222774911352,
  5.220781550687597,
  2.5,
  7.494222774911352,
  5.739761319079391,
  2.5,
  6.994222774911352,
  5.739761319079391,
  2.5;

Shading:Building:Detailed,
  shade_e02,
  ,
  4.0,
  -0.5,
  0.0,
  2.5,
  0.0,
  0.0,
  2.5,
  0.0,
  5.220781550687597,
  2.5,
  -0.5,
  5.220781550687597,
  2.5;

Shading:Building:Detailed,
  shade_i01,
  ,
  4.0,
  0.0,
  -0.5,
  2.5,
  7.494222774911352,
  -0.5,
  2.5,
  7.494222774911352,
  0.0,
  2.5,
  0.0,
  0.0,
  2.5;

Shading:Building:Detailed,
  shade_i02,
  ,
  4.0,
  7.494222774911352,
  0.39078616962770587,
  2.5,
  12.800209959215513,
  0.39078616962770587,
  2.5,
  12.800209959215513,
  0.8907861696277057,
  2.5,
  7.494222774911352,
  0.8907861696277057,
  2.5;

Shading:Building:Detailed,
  shade_s01,
  ,
  4.0,
  7.494222774911352,
  5.739761319079391,
  2.5,
  12.800209959215513,
  5.739761319079391,
  2.5,
  12.800209959215513,
  6.239761319079391,
  2.5,
  7.494222774911352,
  6.239761319079391,
  2.5;

Shading:Building:Detailed,
  shade_s02,
  ,
  4.0,
  0.0,
  5.220781550687597,
  2.5,
  7.494222774911352,
  5.220781550687597,
  2.5,
  7.494222774911352,
  5.720781550687597,
  2.5,
  0.0,
  5.720781550687597,
  2.5;
