!-   ===========  ALL OBJECTS IN CLASS: SHADING:BUILDING:DETAILED ===========

Shading:Building:Detailed,
  shade_c_d01,
  ,
  4.0,
  10.451327666856493,
  4.686495492369539,
  2.5,
  10.951327666856493,
  4.686495492369539,
  2.5,
  10.951327666856493,
  5.186495492369539,
  2.5,
  10.451327666856493,
  5.186495492369539,
  2.5;

Shading:Building:Detailed,
  shade_c_e01,
  ,
  4.0,
  0.0,
  -0.5,
  2.5,
  -0.5,
  -0.5,
  2.5,
  -0.5,
  0.0,
  2.5,
  0.0,
  0.0,
  2.5;

Shading:Building:Detailed,
  shade_c_i01,
  ,
  4.0,
  6.119007272425813,
  -0.5,
  2.5,
  6.619007272425813,
  -0.5,
  2.5,
  6.619007272425813,
  0.0,
  2.5,
  6.119007272425813,
  0.0,
  2.5;

Shading:Building:Detailed,
  shade_c_i02,
  ,
  4.0,
  10.451327666856493,
  0.22732386183872733,
  2.5,
  10.951327666856493,
  0.22732386183872733,
  2.5,
  10.951327666856493,
  0.7273238618387272,
  2.5,
  10.451327666856493,
  0.7273238618387272,
  2.5;

Shading:Building:Detailed,
  shade_c_s01,
  ,
  4.0,
  5.619007272425813,
  4.686495492369539,
  2.5,
  6.119007272425813,
  4.686495492369539,
  2.5,
  6.119007272425813,
  5.186495492369539,
  2.5,
  5.619007272425813,
  5.186495492369539,
  2.5;

Shading:Building:Detailed,
  shade_c_s02,
  ,
  4.0,
  -0.5,
  4.262750285906976,
  2.5,
  0.0,
  4.262750285906976,
  2.5,
  0.0,
  4.762750285906976,
  2.5,
  -0.5,
  4.762750285906976,
  2.5;

Shading:Building:Detailed,
  shade_d01,
  ,
  4.0,
  6.119007272425813,
  0.0,
  2.5,
  6.619007272425813,
  0.0,
  2.5,
  6.619007272425813,
  0.7273238618387272,
  2.5,
  6.119007272425813,
  0.7273238618387272,
  2.5;

Shading:Building:Detailed,
  shade_d02,
  ,
  4.0,
  10.451327666856493,
  0.7273238618387272,
  2.5,
  10.951327666856493,
  0.7273238618387272,
  2.5,
  10.951327666856493,
  4.686495492369539,
  2.5,
  10.451327666856493,
  4.686495492369539,
  2.5;

Shading:Building:Detailed,
  shade_e01,
  ,
  4.0,
  5.619007272425813,
  4.262750285906976,
  2.5,
  6.119007272425813,
  4.262750285906976,
  2.5,
  6.119007272425813,
  4.686495492369539,
  2.5,
  5.619007272425813,
  4.686495492369539,
  2.5;

Shading:Building:Detailed,
  shade_e02,
  ,
  4.0,
  -0.5,
  0.0,
  2.5,
  0.0,
  0.0,
  2.5,
  0.0,
  4.262750285906976,
  2.5,
  -0.5,
  4.262750285906976,
  2.5;

Shading:Building:Detailed,
  shade_i01,
  ,
  4.0,
  0.0,
  -0.5,
  2.5,
  6.119007272425813,
  -0.5,
  2.5,
  6.119007272425813,
  0.0,
  2.5,
  0.0,
  0.0,
  2.5;

Shading:Building:Detailed,
  shade_i02,
  ,
  4.0,
  6.119007272425813,
  0.22732386183872733,
  2.5,
  10.451327666856493,
  0.22732386183872733,
  2.5,
  10.451327666856493,
  0.7273238618387272,
  2.5,
  6.119007272425813,
  0.7273238618387272,
  2.5;

Shading:Building:Detailed,
  shade_s01,
  ,
  4.0,
  6.119007272425813,
  4.686495492369539,
  2.5,
  10.451327666856493,
  4.686495492369539,
  2.5,
  10.451327666856493,
  5.186495492369539,
  2.5,
  6.119007272425813,
  5.186495492369539,
  2.5;

Shading:Building:Detailed,
  shade_s02,
  ,
  4.0,
  0.0,
  4.262750285906976,
  2.5,
  6.119007272425813,
  4.262750285906976,
  2.5,
  6.119007272425813,
  4.762750285906976,
  2.5,
  0.0,
  4.762750285906976,
  2.5;
