Shading:Building:Detailed,
  shade_c_d01,
  ,
  4.0,
  6.61,
  7.41,
  2.5,
  8.11,
  7.41,
  2.5,
  8.11,
  8.91,
  2.5,
  6.61,
  8.91,
  2.5;

Shading:Building:Detailed,
  shade_c_e01,
  ,
  4.0,
  0.0,
  -1.5,
  2.5,
  -1.5,
  -1.5,
  2.5,
  -1.5,
  0.0,
  2.5,
  0.0,
  0.0,
  2.5;

Shading:Building:Detailed,
  shade_c_i01,
  ,
  4.0,
  3.87,
  -1.5,
  2.5,
  5.37,
  -1.5,
  2.5,
  5.37,
  0.0,
  2.5,
  3.87,
  0.0,
  2.5;

Shading:Building:Detailed,
  shade_c_i02,
  ,
  4.0,
  6.61,
  -0.3500000000000001,
  2.5,
  8.11,
  -0.3500000000000001,
  2.5,
  8.11,
  1.15,
  2.5,
  6.61,
  1.15,
  2.5;

Shading:Building:Detailed,
  shade_c_s01,
  ,
  4.0,
  2.37,
  7.41,
  2.5,
  3.87,
  7.41,
  2.5,
  3.87,
  8.91,
  2.5,
  2.37,
  8.91,
  2.5;

Shading:Building:Detailed,
  shade_c_s02,
  ,
  4.0,
  -1.5,
  6.74,
  2.5,
  0.0,
  6.74,
  2.5,
  0.0,
  8.24,
  2.5,
  -1.5,
  8.24,
  2.5;

Shading:Building:Detailed,
  shade_d01,
  ,
  4.0,
  3.87,
  0.0,
  2.5,
  5.37,
  0.0,
  2.5,
  5.37,
  1.15,
  2.5,
  3.87,
  1.15,
  2.5;

Shading:Building:Detailed,
  shade_d02,
  ,
  4.0,
  6.61,
  1.15,
  2.5,
  8.11,
  1.15,
  2.5,
  8.11,
  7.41,
  2.5,
  6.61,
  7.41,
  2.5;

Shading:Building:Detailed,
  shade_e01,
  ,
  4.0,
  2.37,
  6.74,
  2.5,
  3.87,
  6.74,
  2.5,
  3.87,
  7.41,
  2.5,
  2.37,
  7.41,
  2.5;

Shading:Building:Detailed,
  shade_e02,
  ,
  4.0,
  -1.5,
  0.0,
  2.5,
  0.0,
  0.0,
  2.5,
  0.0,
  6.74,
  2.5,
  -1.5,
  6.74,
  2.5;

Shading:Building:Detailed,
  shade_i01,
  ,
  4.0,
  0.0,
  -1.5,
  2.5,
  3.87,
  -1.5,
  2.5,
  3.87,
  0.0,
  2.5,
  0.0,
  0.0,
  2.5;

Shading:Building:Detailed,
  shade_i02,
  ,
  4.0,
  3.87,
  -0.3500000000000001,
  2.5,
  6.61,
  -0.3500000000000001,
  2.5,
  6.61,
  1.15,
  2.5,
  3.87,
  1.15,
  2.5;

Shading:Building:Detailed,
  shade_s01,
  ,
  4.0,
  3.87,
  7.41,
  2.5,
  6.61,
  7.41,
  2.5,
  6.61,
  8.91,
  2.5,
  3.87,
  8.91,
  2.5;

Shading:Building:Detailed,
  shade_s02,
  ,
  4.0,
  0.0,
  6.74,
  2.5,
  3.87,
  6.74,
  2.5,
  3.87,
  8.24,
  2.5,
  0.0,
  8.24,
  2.5;
