!-   ===========  ALL OBJECTS IN CLASS: SHADING:BUILDING:DETAILED ===========

Shading:Building:Detailed,
  shade_c_d01,
  ,
  4.0,
  12.800209959215513,
  5.739761319079391,
  2.5,
  14.300209959215512,
  5.739761319079391,
  2.5,
  14.300209959215512,
  7.239761319079391,
  2.5,
  12.800209959215513,
  7.239761319079391,
  2.5;

Shading:Building:Detailed,
  shade_c_e01,
  ,
  4.0,
  0.0,
  -1.5,
  2.5,
  -1.5,
  -1.5,
  2.5,
  -1.5,
  0.0,
  2.5,
  0.0,
  0.0,
  2.5;

Shading:Building:Detailed,
  shade_c_i01,
  ,
  4.0,
  7.494222774911352,
  -1.5,
  2.5,
  8.994222774911352,
  -1.5,
  2.5,
  8.994222774911352,
  0.0,
  2.5,
  7.494222774911352,
  0.0,
  2.5;

Shading:Building:Detailed,
  shade_c_i02,
  ,
  4.0,
  12.800209959215513,
  -0.6092138303722943,
  2.5,
  14.300209959215512,
  -0.6092138303722943,
  2.5,
  14.300209959215512,
  0.8907861696277057,
  2.5,
  12.800209959215513,
  0.8907861696277057,
  2.5;

Shading:Building:Detailed,
  shade_c_s01,
  ,
  4.0,
  5.994222774911352,
  5.739761319079391,
  2.5,
  7.494222774911352,
  5.739761319079391,
  2.5,
  7.494222774911352,
  7.239761319079391,
  2.5,
  5.994222774911352,
  7.239761319079391,
  2.5;

Shading:Building:Detailed,
  shade_c_s02,
  ,
  4.0,
  -1.5,
  5.220781550687597,
  2.5,
  0.0,
  5.220781550687597,
  2.5,
  0.0,
  6.720781550687597,
  2.5,
  -1.5,
  6.720781550687597,
  2.5;

Shading:Building:Detailed,
  shade_d01,
  ,
  4.0,
  7.494222774911352,
  0.0,
  2.5,
  8.994222774911352,
  0.0,
  2.5,
  8.994222774911352,
  0.8907861696277057,
  2.5,
  7.494222774911352,
  0.8907861696277057,
  2.5;

Shading:Building:Detailed,
  shade_d02,
  ,
  4.0,
  12.800209959215513,
  0.8907861696277057,
  2.5,
  14.300209959215512,
  0.8907861696277057,
  2.5,
  14.300209959215512,
  5.739761319079391,
  2.5,
  12.800209959215513,
  5.739761319079391,
  2.5;

Shading:Building:Detailed,
  shade_e01,
  ,
  4.0,
  5.994222774911352,
  5.220781550687597,
  2.5,
  7.494222774911352,
  5.220781550687597,
  2.5,
  7.494222774911352,
  5.739761319079391,
  2.5,
  5.994222774911352,
  5.739761319079391,
  2.5;

Shading:Building:Detailed,
  shade_e02,
  ,
  4.0,
  -1.5,
  0.0,
  2.5,
  0.0,
  0.0,
  2.5,
  0.0,
  5.220781550687597,
  2.5,
  -1.5,
  5.220781550687597,
  2.5;

Shading:Building:Detailed,
  shade_i01,
  ,
  4.0,
  0.0,
  -1.5,
  2.5,
  7.494222774911352,
  -1.5,
  2.5,
  7.494222774911352,
  0.0,
  2.5,
  0.0,
  0.0,
  2.5;

Shading:Building:Detailed,
  shade_i02,
  ,
  4.0,
  7.494222774911352,
  -0.6092138303722943,
  2.5,
  12.800209959215513,
  -0.6092138303722943,
  2.5,
  12.800209959215513,
  0.8907861696277057,
  2.5,
  7.494222774911352,
  0.8907861696277057,
  2.5;

Shading:Building:Detailed,
  shade_s01,
  ,
  4.0,
  7.494222774911352,
  5.739761319079391,
  2.5,
  12.800209959215513,
  5.739761319079391,
  2.5,
  12.800209959215513,
  7.239761319079391,
  2.5,
  7.494222774911352,
  7.239761319079391,
  2.5;

Shading:Building:Detailed,
  shade_s02,
  ,
  4.0,
  0.0,
  5.220781550687597,
  2.5,
  7.494222774911352,
  5.220781550687597,
  2.5,
  7.494222774911352,
  6.720781550687597,
  2.5,
  0.0,
  6.720781550687597,
  2.5;

