!-   ===========  ALL OBJECTS IN CLASS: SHADING:BUILDING:DETAILED ===========

Shading:Building:Detailed,
  shade_c_d01,
  ,
  4.0,
  5.724427919015139,
  12.83449648408538,
  2.5,
  7.224427919015138,
  12.83449648408538,
  2.5,
  7.224427919015138,
  14.33449648408538,
  2.5,
  5.724427919015139,
  14.33449648408538,
  2.5;

Shading:Building:Detailed,
  shade_c_e01,
  ,
  4.0,
  0.0,
  -1.5,
  2.5,
  -1.5,
  -1.5,
  2.5,
  -1.5,
  0.0,
  2.5,
  0.0,
  0.0,
  2.5;

Shading:Building:Detailed,
  shade_c_i01,
  ,
  4.0,
  3.351518312645777,
  -1.5,
  2.5,
  4.851518312645776,
  -1.5,
  2.5,
  4.851518312645776,
  0.0,
  2.5,
  3.351518312645777,
  0.0,
  2.5;

Shading:Building:Detailed,
  shade_c_i02,
  ,
  4.0,
  5.724427919015139,
  0.49185842870420828,
  2.5,
  7.224427919015138,
  0.49185842870420828,
  2.5,
  7.224427919015138,
  1.9918584287042083,
  2.5,
  5.724427919015139,
  1.9918584287042083,
  2.5;

Shading:Building:Detailed,
  shade_c_s01,
  ,
  4.0,
  1.8515183126457769,
  12.83449648408538,
  2.5,
  3.351518312645777,
  12.83449648408538,
  2.5,
  3.351518312645777,
  14.33449648408538,
  2.5,
  1.8515183126457769,
  14.33449648408538,
  2.5;

Shading:Building:Detailed,
  shade_c_s02,
  ,
  4.0,
  -1.5,
  11.67402244301423,
  2.5,
  0.0,
  11.67402244301423,
  2.5,
  0.0,
  13.17402244301423,
  2.5,
  -1.5,
  13.17402244301423,
  2.5;

Shading:Building:Detailed,
  shade_d01,
  ,
  4.0,
  3.351518312645777,
  0.0,
  2.5,
  4.851518312645776,
  0.0,
  2.5,
  4.851518312645776,
  1.9918584287042083,
  2.5,
  3.351518312645777,
  1.9918584287042083,
  2.5;

Shading:Building:Detailed,
  shade_d02,
  ,
  4.0,
  5.724427919015139,
  1.9918584287042083,
  2.5,
  7.224427919015138,
  1.9918584287042083,
  2.5,
  7.224427919015138,
  12.83449648408538,
  2.5,
  5.724427919015139,
  12.83449648408538,
  2.5;

Shading:Building:Detailed,
  shade_e01,
  ,
  4.0,
  1.8515183126457769,
  11.67402244301423,
  2.5,
  3.351518312645777,
  11.67402244301423,
  2.5,
  3.351518312645777,
  12.83449648408538,
  2.5,
  1.8515183126457769,
  12.83449648408538,
  2.5;

Shading:Building:Detailed,
  shade_e02,
  ,
  4.0,
  -1.5,
  0.0,
  2.5,
  0.0,
  0.0,
  2.5,
  0.0,
  11.67402244301423,
  2.5,
  -1.5,
  11.67402244301423,
  2.5;

Shading:Building:Detailed,
  shade_i01,
  ,
  4.0,
  0.0,
  -1.5,
  2.5,
  3.351518312645777,
  -1.5,
  2.5,
  3.351518312645777,
  0.0,
  2.5,
  0.0,
  0.0,
  2.5;

Shading:Building:Detailed,
  shade_i02,
  ,
  4.0,
  3.351518312645777,
  0.49185842870420828,
  2.5,
  5.724427919015139,
  0.49185842870420828,
  2.5,
  5.724427919015139,
  1.9918584287042083,
  2.5,
  3.351518312645777,
  1.9918584287042083,
  2.5;

Shading:Building:Detailed,
  shade_s01,
  ,
  4.0,
  3.351518312645777,
  12.83449648408538,
  2.5,
  5.724427919015139,
  12.83449648408538,
  2.5,
  5.724427919015139,
  14.33449648408538,
  2.5,
  3.351518312645777,
  14.33449648408538,
  2.5;

Shading:Building:Detailed,
  shade_s02,
  ,
  4.0,
  0.0,
  11.67402244301423,
  2.5,
  3.351518312645777,
  11.67402244301423,
  2.5,
  3.351518312645777,
  13.17402244301423,
  2.5,
  0.0,
  13.17402244301423,
  2.5;
