!-   ===========  ALL OBJECTS IN CLASS: SHADING:BUILDING:DETAILED ===========

Shading:Building:Detailed,
  shade_c_d01,
  ,
  4.0,
  10.451327666856493,
  4.686495492369539,
  2.5,
  11.951327666856493,
  4.686495492369539,
  2.5,
  11.951327666856493,
  6.186495492369539,
  2.5,
  10.451327666856493,
  6.186495492369539,
  2.5;

Shading:Building:Detailed,
  shade_c_e01,
  ,
  4.0,
  0.0,
  -1.5,
  2.5,
  -1.5,
  -1.5,
  2.5,
  -1.5,
  0.0,
  2.5,
  0.0,
  0.0,
  2.5;

Shading:Building:Detailed,
  shade_c_i01,
  ,
  4.0,
  6.119007272425813,
  -1.5,
  2.5,
  7.619007272425813,
  -1.5,
  2.5,
  7.619007272425813,
  0.0,
  2.5,
  6.119007272425813,
  0.0,
  2.5;

Shading:Building:Detailed,
  shade_c_i02,
  ,
  4.0,
  10.451327666856493,
  -0.7726761381612728,
  2.5,
  11.951327666856493,
  -0.7726761381612728,
  2.5,
  11.951327666856493,
  0.7273238618387272,
  2.5,
  10.451327666856493,
  0.7273238618387272,
  2.5;

Shading:Building:Detailed,
  shade_c_s01,
  ,
  4.0,
  4.619007272425813,
  4.686495492369539,
  2.5,
  6.119007272425813,
  4.686495492369539,
  2.5,
  6.119007272425813,
  6.186495492369539,
  2.5,
  4.619007272425813,
  6.186495492369539,
  2.5;

Shading:Building:Detailed,
  shade_c_s02,
  ,
  4.0,
  -1.5,
  4.262750285906976,
  2.5,
  0.0,
  4.262750285906976,
  2.5,
  0.0,
  5.762750285906976,
  2.5,
  -1.5,
  5.762750285906976,
  2.5;

Shading:Building:Detailed,
  shade_d01,
  ,
  4.0,
  6.119007272425813,
  0.0,
  2.5,
  7.619007272425813,
  0.0,
  2.5,
  7.619007272425813,
  0.7273238618387272,
  2.5,
  6.119007272425813,
  0.7273238618387272,
  2.5;

Shading:Building:Detailed,
  shade_d02,
  ,
  4.0,
  10.451327666856493,
  0.7273238618387272,
  2.5,
  11.951327666856493,
  0.7273238618387272,
  2.5,
  11.951327666856493,
  4.686495492369539,
  2.5,
  10.451327666856493,
  4.686495492369539,
  2.5;

Shading:Building:Detailed,
  shade_e01,
  ,
  4.0,
  4.619007272425813,
  4.262750285906976,
  2.5,
  6.119007272425813,
  4.262750285906976,
  2.5,
  6.119007272425813,
  4.686495492369539,
  2.5,
  4.619007272425813,
  4.686495492369539,
  2.5;

Shading:Building:Detailed,
  shade_e02,
  ,
  4.0,
  -1.5,
  0.0,
  2.5,
  0.0,
  0.0,
  2.5,
  0.0,
  4.262750285906976,
  2.5,
  -1.5,
  4.262750285906976,
  2.5;

Shading:Building:Detailed,
  shade_i01,
  ,
  4.0,
  0.0,
  -1.5,
  2.5,
  6.119007272425813,
  -1.5,
  2.5,
  6.119007272425813,
  0.0,
  2.5,
  0.0,
  0.0,
  2.5;

Shading:Building:Detailed,
  shade_i02,
  ,
  4.0,
  6.119007272425813,
  -0.7726761381612728,
  2.5,
  10.451327666856493,
  -0.7726761381612728,
  2.5,
  10.451327666856493,
  0.7273238618387272,
  2.5,
  6.119007272425813,
  0.7273238618387272,
  2.5;

Shading:Building:Detailed,
  shade_s01,
  ,
  4.0,
  6.119007272425813,
  4.686495492369539,
  2.5,
  10.451327666856493,
  4.686495492369539,
  2.5,
  10.451327666856493,
  6.186495492369539,
  2.5,
  6.119007272425813,
  6.186495492369539,
  2.5;

Shading:Building:Detailed,
  shade_s02,
  ,
  4.0,
  0.0,
  4.262750285906976,
  2.5,
  6.119007272425813,
  4.262750285906976,
  2.5,
  6.119007272425813,
  5.762750285906976,
  2.5,
  0.0,
  5.762750285906976,
  2.5;
