!-   ===========  ALL OBJECTS IN CLASS: SHADING:BUILDING:DETAILED ===========

Shading:Building:Detailed,
  shade_c_d01,
  ,
  4.0,
  4.673975823643079,
  10.479322497184633,
  2.5,
  6.173975823643078,
  10.479322497184633,
  2.5,
  6.173975823643078,
  11.979322497184633,
  2.5,
  4.673975823643079,
  11.979322497184633,
  2.5;

Shading:Building:Detailed,
  shade_c_e01,
  ,
  4.0,
  0.0,
  -1.5,
  2.5,
  -1.5,
  -1.5,
  2.5,
  -1.5,
  0.0,
  2.5,
  0.0,
  0.0,
  2.5;

Shading:Building:Detailed,
  shade_c_i01,
  ,
  4.0,
  2.736503243191939,
  -1.5,
  2.5,
  4.2365032431919389,
  -1.5,
  2.5,
  4.2365032431919389,
  0.0,
  2.5,
  2.736503243191939,
  0.0,
  2.5;

Shading:Building:Detailed,
  shade_c_i02,
  ,
  4.0,
  4.673975823643079,
  0.12634559672905899,
  2.5,
  6.173975823643078,
  0.12634559672905899,
  2.5,
  6.173975823643078,
  1.626345596729059,
  2.5,
  4.673975823643079,
  1.626345596729059,
  2.5;

Shading:Building:Detailed,
  shade_c_s01,
  ,
  4.0,
  1.236503243191939,
  10.479322497184633,
  2.5,
  2.736503243191939,
  10.479322497184633,
  2.5,
  2.736503243191939,
  11.979322497184633,
  2.5,
  1.236503243191939,
  11.979322497184633,
  2.5;

Shading:Building:Detailed,
  shade_c_s02,
  ,
  4.0,
  -1.5,
  9.53179941039466,
  2.5,
  0.0,
  9.53179941039466,
  2.5,
  0.0,
  11.03179941039466,
  2.5,
  -1.5,
  11.03179941039466,
  2.5;

Shading:Building:Detailed,
  shade_d01,
  ,
  4.0,
  2.736503243191939,
  0.0,
  2.5,
  4.2365032431919389,
  0.0,
  2.5,
  4.2365032431919389,
  1.626345596729059,
  2.5,
  2.736503243191939,
  1.626345596729059,
  2.5;

Shading:Building:Detailed,
  shade_d02,
  ,
  4.0,
  4.673975823643079,
  1.626345596729059,
  2.5,
  6.173975823643078,
  1.626345596729059,
  2.5,
  6.173975823643078,
  10.479322497184633,
  2.5,
  4.673975823643079,
  10.479322497184633,
  2.5;

Shading:Building:Detailed,
  shade_e01,
  ,
  4.0,
  1.236503243191939,
  9.53179941039466,
  2.5,
  2.736503243191939,
  9.53179941039466,
  2.5,
  2.736503243191939,
  10.479322497184633,
  2.5,
  1.236503243191939,
  10.479322497184633,
  2.5;

Shading:Building:Detailed,
  shade_e02,
  ,
  4.0,
  -1.5,
  0.0,
  2.5,
  0.0,
  0.0,
  2.5,
  0.0,
  9.53179941039466,
  2.5,
  -1.5,
  9.53179941039466,
  2.5;

Shading:Building:Detailed,
  shade_i01,
  ,
  4.0,
  0.0,
  -1.5,
  2.5,
  2.736503243191939,
  -1.5,
  2.5,
  2.736503243191939,
  0.0,
  2.5,
  0.0,
  0.0,
  2.5;

Shading:Building:Detailed,
  shade_i02,
  ,
  4.0,
  2.736503243191939,
  0.12634559672905899,
  2.5,
  4.673975823643079,
  0.12634559672905899,
  2.5,
  4.673975823643079,
  1.626345596729059,
  2.5,
  2.736503243191939,
  1.626345596729059,
  2.5;

Shading:Building:Detailed,
  shade_s01,
  ,
  4.0,
  2.736503243191939,
  10.479322497184633,
  2.5,
  4.673975823643079,
  10.479322497184633,
  2.5,
  4.673975823643079,
  11.979322497184633,
  2.5,
  2.736503243191939,
  11.979322497184633,
  2.5;

Shading:Building:Detailed,
  shade_s02,
  ,
  4.0,
  0.0,
  9.53179941039466,
  2.5,
  2.736503243191939,
  9.53179941039466,
  2.5,
  2.736503243191939,
  11.03179941039466,
  2.5,
  0.0,
  11.03179941039466,
  2.5;
