!-   ===========  ALL OBJECTS IN CLASS: SHADING:BUILDING:DETAILED ===========

Shading:Building:Detailed,
  shade_c_d01,
  ,
  4.0,
  4.673975823643079,
  10.479322497184633,
  2.5,
  5.173975823643079,
  10.479322497184633,
  2.5,
  5.173975823643079,
  10.979322497184633,
  2.5,
  4.673975823643079,
  10.979322497184633,
  2.5;

Shading:Building:Detailed,
  shade_c_e01,
  ,
  4.0,
  0.0,
  -0.5,
  2.5,
  -0.5,
  -0.5,
  2.5,
  -0.5,
  0.0,
  2.5,
  0.0,
  0.0,
  2.5;

Shading:Building:Detailed,
  shade_c_i01,
  ,
  4.0,
  2.736503243191939,
  -0.5,
  2.5,
  3.236503243191939,
  -0.5,
  2.5,
  3.236503243191939,
  0.0,
  2.5,
  2.736503243191939,
  0.0,
  2.5;

Shading:Building:Detailed,
  shade_c_i02,
  ,
  4.0,
  4.673975823643079,
  1.1263455967290593,
  2.5,
  5.173975823643079,
  1.1263455967290593,
  2.5,
  5.173975823643079,
  1.626345596729059,
  2.5,
  4.673975823643079,
  1.626345596729059,
  2.5;

Shading:Building:Detailed,
  shade_c_s01,
  ,
  4.0,
  2.236503243191939,
  10.479322497184633,
  2.5,
  2.736503243191939,
  10.479322497184633,
  2.5,
  2.736503243191939,
  10.979322497184633,
  2.5,
  2.236503243191939,
  10.979322497184633,
  2.5;

Shading:Building:Detailed,
  shade_c_s02,
  ,
  4.0,
  -0.5,
  9.53179941039466,
  2.5,
  0.0,
  9.53179941039466,
  2.5,
  0.0,
  10.03179941039466,
  2.5,
  -0.5,
  10.03179941039466,
  2.5;

Shading:Building:Detailed,
  shade_d01,
  ,
  4.0,
  2.736503243191939,
  0.0,
  2.5,
  3.236503243191939,
  0.0,
  2.5,
  3.236503243191939,
  1.626345596729059,
  2.5,
  2.736503243191939,
  1.626345596729059,
  2.5;

Shading:Building:Detailed,
  shade_d02,
  ,
  4.0,
  4.673975823643079,
  1.626345596729059,
  2.5,
  5.173975823643079,
  1.626345596729059,
  2.5,
  5.173975823643079,
  10.479322497184633,
  2.5,
  4.673975823643079,
  10.479322497184633,
  2.5;

Shading:Building:Detailed,
  shade_e01,
  ,
  4.0,
  2.236503243191939,
  9.53179941039466,
  2.5,
  2.736503243191939,
  9.53179941039466,
  2.5,
  2.736503243191939,
  10.479322497184633,
  2.5,
  2.236503243191939,
  10.479322497184633,
  2.5;

Shading:Building:Detailed,
  shade_e02,
  ,
  4.0,
  -0.5,
  0.0,
  2.5,
  0.0,
  0.0,
  2.5,
  0.0,
  9.53179941039466,
  2.5,
  -0.5,
  9.53179941039466,
  2.5;

Shading:Building:Detailed,
  shade_i01,
  ,
  4.0,
  0.0,
  -0.5,
  2.5,
  2.736503243191939,
  -0.5,
  2.5,
  2.736503243191939,
  0.0,
  2.5,
  0.0,
  0.0,
  2.5;

Shading:Building:Detailed,
  shade_i02,
  ,
  4.0,
  2.736503243191939,
  1.1263455967290593,
  2.5,
  4.673975823643079,
  1.1263455967290593,
  2.5,
  4.673975823643079,
  1.626345596729059,
  2.5,
  2.736503243191939,
  1.626345596729059,
  2.5;

Shading:Building:Detailed,
  shade_s01,
  ,
  4.0,
  2.736503243191939,
  10.479322497184633,
  2.5,
  4.673975823643079,
  10.479322497184633,
  2.5,
  4.673975823643079,
  10.979322497184633,
  2.5,
  2.736503243191939,
  10.979322497184633,
  2.5;

Shading:Building:Detailed,
  shade_s02,
  ,
  4.0,
  0.0,
  9.53179941039466,
  2.5,
  2.736503243191939,
  9.53179941039466,
  2.5,
  2.736503243191939,
  10.03179941039466,
  2.5,
  0.0,
  10.03179941039466,
  2.5;
