!-   ===========  ALL OBJECTS IN CLASS: SHADING:BUILDING:DETAILED ===========

Shading:Building:Detailed,
  shade_c_d01,
  ,
  4.0,
  9.347951647286159,
  10.479322497184635,
  2.5,
  9.847951647286159,
  10.479322497184635,
  2.5,
  9.847951647286159,
  10.979322497184635,
  2.5,
  9.347951647286159,
  10.979322497184635,
  2.5;

Shading:Building:Detailed,
  shade_c_e01,
  ,
  4.0,
  0.0,
  -0.5,
  2.5,
  -0.5,
  -0.5,
  2.5,
  -0.5,
  0.0,
  2.5,
  0.0,
  0.0,
  2.5;

Shading:Building:Detailed,
  shade_c_i01,
  ,
  4.0,
  5.473006486383879,
  -0.5,
  2.5,
  5.973006486383879,
  -0.5,
  2.5,
  5.973006486383879,
  0.0,
  2.5,
  5.473006486383879,
  0.0,
  2.5;

Shading:Building:Detailed,
  shade_c_i02,
  ,
  4.0,
  9.347951647286159,
  1.1263455967290593,
  2.5,
  9.847951647286159,
  1.1263455967290593,
  2.5,
  9.847951647286159,
  1.6263455967290593,
  2.5,
  9.347951647286159,
  1.6263455967290593,
  2.5;

Shading:Building:Detailed,
  shade_c_s01,
  ,
  4.0,
  4.973006486383879,
  10.479322497184635,
  2.5,
  5.473006486383879,
  10.479322497184635,
  2.5,
  5.473006486383879,
  10.979322497184635,
  2.5,
  4.973006486383879,
  10.979322497184635,
  2.5;

Shading:Building:Detailed,
  shade_c_s02,
  ,
  4.0,
  -0.5,
  9.531799410394662,
  2.5,
  0.0,
  9.531799410394662,
  2.5,
  0.0,
  10.031799410394662,
  2.5,
  -0.5,
  10.031799410394662,
  2.5;

Shading:Building:Detailed,
  shade_d01,
  ,
  4.0,
  5.473006486383879,
  0.0,
  2.5,
  5.973006486383879,
  0.0,
  2.5,
  5.973006486383879,
  1.6263455967290593,
  2.5,
  5.473006486383879,
  1.6263455967290593,
  2.5;

Shading:Building:Detailed,
  shade_d02,
  ,
  4.0,
  9.347951647286159,
  1.6263455967290593,
  2.5,
  9.847951647286159,
  1.6263455967290593,
  2.5,
  9.847951647286159,
  10.479322497184635,
  2.5,
  9.347951647286159,
  10.479322497184635,
  2.5;

Shading:Building:Detailed,
  shade_e01,
  ,
  4.0,
  4.973006486383879,
  9.531799410394662,
  2.5,
  5.473006486383879,
  9.531799410394662,
  2.5,
  5.473006486383879,
  10.479322497184635,
  2.5,
  4.973006486383879,
  10.479322497184635,
  2.5;

Shading:Building:Detailed,
  shade_e02,
  ,
  4.0,
  -0.5,
  0.0,
  2.5,
  0.0,
  0.0,
  2.5,
  0.0,
  9.531799410394662,
  2.5,
  -0.5,
  9.531799410394662,
  2.5;

Shading:Building:Detailed,
  shade_i01,
  ,
  4.0,
  0.0,
  -0.5,
  2.5,
  5.473006486383879,
  -0.5,
  2.5,
  5.473006486383879,
  0.0,
  2.5,
  0.0,
  0.0,
  2.5;

Shading:Building:Detailed,
  shade_i02,
  ,
  4.0,
  5.473006486383879,
  1.1263455967290593,
  2.5,
  9.347951647286159,
  1.1263455967290593,
  2.5,
  9.347951647286159,
  1.6263455967290593,
  2.5,
  5.473006486383879,
  1.6263455967290593,
  2.5;

Shading:Building:Detailed,
  shade_s01,
  ,
  4.0,
  5.473006486383879,
  10.479322497184635,
  2.5,
  9.347951647286159,
  10.479322497184635,
  2.5,
  9.347951647286159,
  10.979322497184635,
  2.5,
  5.473006486383879,
  10.979322497184635,
  2.5;

Shading:Building:Detailed,
  shade_s02,
  ,
  4.0,
  0.0,
  9.531799410394662,
  2.5,
  5.473006486383879,
  9.531799410394662,
  2.5,
  5.473006486383879,
  10.031799410394662,
  2.5,
  0.0,
  10.031799410394662,
  2.5;
