FenestrationSurface:Detailed,
  bwc_jan_0_00e,
  Window,
  vidro,
  bwc_parex_00e,
  ,
  ,
  ,
  ,
  4.0,
  0.0,
  1.2228730157199226,
  3.5,
  0.0,
  0.4228730157199227,
  3.5,
  0.0,
  0.4228730157199227,
  4.1000000000000009,
  0.0,
  1.2228730157199226,
  4.1000000000000009;
FenestrationSurface:Detailed,
  bwc_portain_0_00d,
  Door,
  porta,
  bwc_parin_00d,
  sala_portain_0_00e,
  ,
  ,
  ,
  4.0,
  5.657251983074468,
  0.10982349886995202,
  0.0,
  5.657251983074468,
  0.9098234988699521,
  0.0,
  5.657251983074468,
  0.9098234988699521,
  2.1,
  5.657251983074468,
  0.10982349886995202,
  2.1;
FenestrationSurface:Detailed,
  dorm1_jan_0_00i,
  Window,
  vidro,
  dorm1_parex_00i,
  ,
  ,
  ,
  ,
  4.0,
  1.5317065645873563,
  0.0,
  1.1,
  4.595119693762069,
  0.0,
  1.1,
  4.595119693762069,
  0.0,
  2.1,
  1.5317065645873563,
  0.0,
  2.1;
FenestrationSurface:Detailed,
  dorm1_portain_0_00e,
  Door,
  porta,
  dorm1_parin_00e,
  sala_portain_0_01d,
  ,
  ,
  ,
  4.0,
  0.0,
  2.783648464014776,
  0.0,
  0.0,
  1.983648464014776,
  0.0,
  0.0,
  1.983648464014776,
  2.1,
  0.0,
  2.783648464014776,
  2.1;
FenestrationSurface:Detailed,
  dorm2_jan_0_00d,
  Window,
  vidro,
  dorm2_parex_00d,
  ,
  ,
  ,
  ,
  4.0,
  6.126826258349425,
  0.7093639096450355,
  1.1,
  6.126826258349425,
  2.0007504790847094,
  1.1,
  6.126826258349425,
  2.0007504790847094,
  2.149304078601983,
  6.126826258349425,
  0.7093639096450355,
  2.149304078601983;
FenestrationSurface:Detailed,
  dorm2_portain_0_01e,
  Door,
  porta,
  dorm2_parin_01e,
  sala_portain_0_02d,
  ,
  ,
  ,
  4.0,
  0.0,
  0.9098234988699521,
  0.0,
  0.0,
  0.10982349886995202,
  0.0,
  0.0,
  0.10982349886995202,
  2.1,
  0.0,
  0.9098234988699521,
  2.1;
FenestrationSurface:Detailed,
  sala_jan_0_00i,
  Window,
  vidro,
  sala_parex_00i,
  ,
  ,
  ,
  ,
  4.0,
  2.1633957682310469,
  0.0,
  1.1,
  6.490187304693141,
  0.0,
  1.1,
  6.490187304693141,
  0.0,
  2.1,
  2.1633957682310469,
  0.0,
  2.1;
FenestrationSurface:Detailed,
  sala_jan_0_01e,
  Window,
  vidro,
  sala_parex_01e,
  ,
  ,
  ,
  ,
  4.0,
  0.0,
  3.2870199269246909,
  1.1,
  0.0,
  1.095673308974897,
  1.1,
  0.0,
  1.095673308974897,
  2.1,
  0.0,
  3.2870199269246909,
  2.1;
FenestrationSurface:Detailed,
  sala_portaex_0_00d,
  Door,
  porta,
  sala_parex_00d,
  ,
  ,
  ,
  ,
  4.0,
  8.653583072924187,
  0.10982349886995202,
  0.0,
  8.653583072924187,
  0.9098234988699521,
  0.0,
  8.653583072924187,
  0.9098234988699521,
  2.1,
  8.653583072924187,
  0.10982349886995202,
  2.1;
FenestrationSurface:Detailed,
  sala_portaex_0_00s,
  Door,
  porta,
  sala_parex_00s,
  ,
  ,
  ,
  ,
  4.0,
  7.779024325749306,
  6.028439267339433,
  0.0,
  6.979024325749306,
  6.028439267339433,
  0.0,
  6.979024325749306,
  6.028439267339433,
  2.1,
  7.779024325749306,
  6.028439267339433,
  2.1;
FenestrationSurface:Detailed,
  sala_portain_0_00e,
  Door,
  porta,
  sala_parin_00e,
  bwc_portain_0_00d,
  ,
  ,
  ,
  4.0,
  5.657251983074468,
  5.29251673476954,
  0.0,
  5.657251983074468,
  4.49251673476954,
  0.0,
  5.657251983074468,
  4.49251673476954,
  2.1,
  5.657251983074468,
  5.29251673476954,
  2.1;
FenestrationSurface:Detailed,
  sala_portain_0_01d,
  Door,
  porta,
  sala_parin_01d,
  dorm1_portain_0_00e,
  ,
  ,
  ,
  4.0,
  8.653583072924187,
  3.012239733664679,
  0.0,
  8.653583072924187,
  3.8122397336646789,
  0.0,
  8.653583072924187,
  3.8122397336646789,
  2.1,
  8.653583072924187,
  3.012239733664679,
  2.1;
FenestrationSurface:Detailed,
  sala_portain_0_02d,
  Door,
  porta,
  sala_parin_02d,
  dorm2_portain_0_01e,
  ,
  ,
  ,
  4.0,
  8.653583072924187,
  4.027414595449583,
  0.0,
  8.653583072924187,
  4.827414595449582,
  0.0,
  8.653583072924187,
  4.827414595449582,
  2.1,
  8.653583072924187,
  4.027414595449583,
  2.1;
