FenestrationSurface:Detailed,
  bwc_jan_0_00e,
  Window,
  vidro,
  bwc_parex_00e,
  ,
  ,
  ,
  ,
  4.0,
  0.0,
  1.7010764773832472,
  3.5,
  0.0,
  0.9010764773832474,
  3.5,
  0.0,
  0.9010764773832474,
  4.1000000000000009,
  0.0,
  1.7010764773832472,
  4.1000000000000009;
FenestrationSurface:Detailed,
  bwc_portain_0_00d,
  Door,
  porta,
  bwc_parin_00d,
  sala_portain_0_00e,
  ,
  ,
  ,
  4.0,
  1.788980156401965,
  0.40610173055266399,
  0.0,
  1.788980156401965,
  1.206101730552664,
  0.0,
  1.788980156401965,
  1.206101730552664,
  2.1,
  1.788980156401965,
  0.40610173055266399,
  2.1;
FenestrationSurface:Detailed,
  dorm1_jan_0_00i,
  Window,
  vidro,
  dorm1_parex_00i,
  ,
  ,
  ,
  ,
  4.0,
  0.484368145112785,
  0.0,
  1.1,
  1.453104435338355,
  0.0,
  1.1,
  1.453104435338355,
  0.0,
  2.1,
  0.484368145112785,
  0.0,
  2.1;
FenestrationSurface:Detailed,
  dorm1_portain_0_00e,
  Door,
  porta,
  dorm1_parin_00e,
  sala_portain_0_01d,
  ,
  ,
  ,
  4.0,
  0.0,
  4.168879143724298,
  0.0,
  0.0,
  3.368879143724298,
  0.0,
  0.0,
  3.368879143724298,
  2.1,
  0.0,
  4.168879143724298,
  2.1;
FenestrationSurface:Detailed,
  dorm2_jan_0_00d,
  Window,
  vidro,
  dorm2_parex_00d,
  ,
  ,
  ,
  ,
  4.0,
  1.9374725804511402,
  1.0712667734976194,
  1.1,
  1.9374725804511402,
  3.213800320492858,
  1.1,
  1.9374725804511402,
  3.213800320492858,
  2.1,
  1.9374725804511402,
  1.0712667734976194,
  2.1;
FenestrationSurface:Detailed,
  dorm2_portain_0_01e,
  Door,
  porta,
  dorm2_parin_01e,
  sala_portain_0_02d,
  ,
  ,
  ,
  4.0,
  0.0,
  1.206101730552664,
  0.0,
  0.0,
  0.40610173055266399,
  0.0,
  0.0,
  0.40610173055266399,
  2.1,
  0.0,
  1.206101730552664,
  2.1;
FenestrationSurface:Detailed,
  sala_jan_0_00i,
  Window,
  vidro,
  sala_parex_00i,
  ,
  ,
  ,
  ,
  4.0,
  0.6841258107979845,
  0.0,
  1.1,
  2.0523774323939545,
  0.0,
  1.1,
  2.0523774323939545,
  0.0,
  2.1,
  0.6841258107979845,
  0.0,
  2.1;
FenestrationSurface:Detailed,
  sala_jan_0_01e,
  Window,
  vidro,
  sala_parex_01e,
  ,
  ,
  ,
  ,
  4.0,
  0.0,
  5.197234841721123,
  1.1,
  0.0,
  1.7324116139070423,
  1.1,
  0.0,
  1.7324116139070423,
  2.1,
  0.0,
  5.197234841721123,
  2.1;
FenestrationSurface:Detailed,
  sala_portaex_0_00d,
  Door,
  porta,
  sala_parex_00d,
  ,
  ,
  ,
  ,
  4.0,
  2.736503243191939,
  0.40610173055266399,
  0.0,
  2.736503243191939,
  1.206101730552664,
  0.0,
  2.736503243191939,
  1.206101730552664,
  2.1,
  2.736503243191939,
  0.40610173055266399,
  2.1;
FenestrationSurface:Detailed,
  sala_portaex_0_00s,
  Door,
  porta,
  sala_parex_00s,
  ,
  ,
  ,
  ,
  4.0,
  2.733452377915607,
  9.53179941039466,
  0.0,
  1.9334523779156064,
  9.53179941039466,
  0.0,
  1.9334523779156064,
  9.53179941039466,
  2.1,
  2.733452377915607,
  9.53179941039466,
  2.1;
FenestrationSurface:Detailed,
  sala_portain_0_00e,
  Door,
  porta,
  sala_parin_00e,
  bwc_portain_0_00d,
  ,
  ,
  ,
  4.0,
  1.788980156401965,
  8.13574818618083,
  0.0,
  1.788980156401965,
  7.33574818618083,
  0.0,
  1.788980156401965,
  7.33574818618083,
  2.1,
  1.788980156401965,
  8.13574818618083,
  2.1;
FenestrationSurface:Detailed,
  sala_portain_0_01d,
  Door,
  porta,
  sala_parin_01d,
  dorm1_portain_0_00e,
  ,
  ,
  ,
  4.0,
  2.736503243191939,
  4.995224740453358,
  0.0,
  2.736503243191939,
  5.795224740453357,
  0.0,
  2.736503243191939,
  5.795224740453357,
  2.1,
  2.736503243191939,
  4.995224740453358,
  2.1;
FenestrationSurface:Detailed,
  sala_portain_0_02d,
  Door,
  porta,
  sala_parin_02d,
  dorm2_portain_0_01e,
  ,
  ,
  ,
  4.0,
  2.736503243191939,
  6.600357133746819,
  0.0,
  2.736503243191939,
  7.4003571337468199,
  0.0,
  2.736503243191939,
  7.4003571337468199,
  2.1,
  2.736503243191939,
  6.600357133746819,
  2.1;
