FenestrationSurface:Detailed,
  bwc_jan_0_00e,
  Window,
  vidro,
  bwc_parex_00e,
  ,
  ,
  ,
  ,
  4.0,
  0.0,
  0.9818590894709819,
  1.6,
  0.0,
  0.18185908947098185,
  1.6,
  0.0,
  0.18185908947098185,
  2.2,
  0.0,
  0.9818590894709819,
  2.2;
FenestrationSurface:Detailed,
  bwc_portain_0_00d,
  Door,
  porta,
  bwc_parin_00d,
  sala_portain_0_00e,
  ,
  ,
  ,
  4.0,
  4.000281240112999,
  -0.039500346740804829,
  0.0,
  4.000281240112999,
  0.7604996532591952,
  0.0,
  4.000281240112999,
  0.7604996532591952,
  2.1,
  4.000281240112999,
  -0.039500346740804829,
  2.1;
FenestrationSurface:Detailed,
  dorm1_jan_0_00i,
  Window,
  vidro,
  dorm1_parex_00i,
  ,
  ,
  ,
  ,
  4.0,
  1.6246201479115046,
  0.0,
  1.1,
  2.707700246519175,
  0.0,
  1.1,
  2.707700246519175,
  0.0,
  2.1,
  1.6246201479115046,
  0.0,
  2.1;
FenestrationSurface:Detailed,
  dorm1_portain_0_00e,
  Door,
  porta,
  dorm1_parin_00e,
  sala_portain_0_01d,
  ,
  ,
  ,
  4.0,
  0.0,
  2.085493992869746,
  0.0,
  0.0,
  1.2854939928697463,
  0.0,
  0.0,
  1.2854939928697463,
  2.1,
  0.0,
  2.085493992869746,
  2.1;
FenestrationSurface:Detailed,
  dorm2_jan_0_00d,
  Window,
  vidro,
  dorm2_parex_00d,
  ,
  ,
  ,
  ,
  4.0,
  4.332320394430679,
  0.7186275982732642,
  1.1,
  4.332320394430679,
  1.1977126637887737,
  1.1,
  4.332320394430679,
  1.1977126637887737,
  2.1,
  4.332320394430679,
  0.7186275982732642,
  2.1;
FenestrationSurface:Detailed,
  dorm2_portain_0_01e,
  Door,
  porta,
  dorm2_parin_01e,
  sala_portain_0_02d,
  ,
  ,
  ,
  4.0,
  0.0,
  0.7604996532591952,
  0.0,
  0.0,
  -0.039500346740804829,
  0.0,
  0.0,
  -0.039500346740804829,
  2.1,
  0.0,
  0.7604996532591952,
  2.1;
FenestrationSurface:Detailed,
  sala_jan_0_00i,
  Window,
  vidro,
  sala_parex_00i,
  ,
  ,
  ,
  ,
  4.0,
  2.2946277271596799,
  0.0,
  1.1,
  3.8243795452661337,
  0.0,
  1.1,
  3.8243795452661337,
  0.0,
  2.1,
  2.2946277271596799,
  0.0,
  2.1;
FenestrationSurface:Detailed,
  sala_jan_0_01e,
  Window,
  vidro,
  sala_parex_01e,
  ,
  ,
  ,
  ,
  4.0,
  0.0,
  1.9368950668531327,
  1.1,
  0.0,
  1.1621370401118796,
  1.1,
  0.0,
  1.1621370401118796,
  2.1,
  0.0,
  1.9368950668531327,
  2.1;
FenestrationSurface:Detailed,
  sala_portaex_0_00d,
  Door,
  porta,
  sala_parex_00d,
  ,
  ,
  ,
  ,
  4.0,
  6.119007272425813,
  -0.039500346740804829,
  0.0,
  6.119007272425813,
  0.7604996532591952,
  0.0,
  6.119007272425813,
  0.7604996532591952,
  2.1,
  6.119007272425813,
  -0.039500346740804829,
  2.1;
FenestrationSurface:Detailed,
  sala_portaex_0_00s,
  Door,
  porta,
  sala_parex_00s,
  ,
  ,
  ,
  ,
  4.0,
  5.617758139277826,
  4.262750285906976,
  0.0,
  4.817758139277825,
  4.262750285906976,
  0.0,
  4.817758139277825,
  4.262750285906976,
  2.1,
  5.617758139277826,
  4.262750285906976,
  2.1;
FenestrationSurface:Detailed,
  sala_portain_0_00e,
  Door,
  porta,
  sala_parin_00e,
  bwc_portain_0_00d,
  ,
  ,
  ,
  4.0,
  4.000281240112999,
  3.859531760224207,
  0.0,
  4.000281240112999,
  3.0595317602242075,
  0.0,
  4.000281240112999,
  3.0595317602242075,
  2.1,
  4.000281240112999,
  3.859531760224207,
  2.1;
FenestrationSurface:Detailed,
  sala_portain_0_01d,
  Door,
  porta,
  sala_parin_01d,
  dorm1_portain_0_00e,
  ,
  ,
  ,
  4.0,
  6.119007272425813,
  2.0128178547084736,
  0.0,
  6.119007272425813,
  2.8128178547084734,
  0.0,
  6.119007272425813,
  2.8128178547084734,
  2.1,
  6.119007272425813,
  2.0128178547084736,
  2.1;
FenestrationSurface:Detailed,
  sala_portain_0_02d,
  Door,
  porta,
  sala_parin_02d,
  dorm2_portain_0_01e,
  ,
  ,
  ,
  4.0,
  6.119007272425813,
  2.7306548835666955,
  0.0,
  6.119007272425813,
  3.530654883566695,
  0.0,
  6.119007272425813,
  3.530654883566695,
  2.1,
  6.119007272425813,
  2.7306548835666955,
  2.1;
