FenestrationSurface:Detailed,
  bwc_jan_0_00e,
  Window,
  vidro,
  bwc_parex_00e,
  ,
  ,
  ,
  ,
  4.0,
  0.0,
  1.9934867429633668,
  1.6,
  0.0,
  1.1934867429633669,
  1.6,
  0.0,
  1.1934867429633669,
  2.2,
  0.0,
  1.9934867429633668,
  2.2;
FenestrationSurface:Detailed,
  bwc_portain_0_00d,
  Door,
  porta,
  bwc_parin_00d,
  sala_portain_0_00e,
  ,
  ,
  ,
  4.0,
  2.191044271574629,
  0.5872689603142598,
  0.0,
  2.191044271574629,
  1.3872689603142599,
  0.0,
  2.191044271574629,
  1.3872689603142599,
  2.1,
  2.191044271574629,
  0.5872689603142598,
  2.1;
FenestrationSurface:Detailed,
  dorm1_jan_0_00i,
  Window,
  vidro,
  dorm1_parex_00i,
  ,
  ,
  ,
  ,
  4.0,
  0.2966137007961702,
  0.0,
  1.1,
  2.0762959055731917,
  0.0,
  1.1,
  2.0762959055731917,
  0.0,
  2.1,
  0.2966137007961702,
  0.0,
  2.1;
FenestrationSurface:Detailed,
  dorm1_portain_0_00e,
  Door,
  porta,
  dorm1_parin_00e,
  sala_portain_0_01d,
  ,
  ,
  ,
  4.0,
  0.0,
  5.015915402171057,
  0.0,
  0.0,
  4.215915402171058,
  0.0,
  0.0,
  4.215915402171058,
  2.1,
  0.0,
  5.015915402171057,
  2.1;
FenestrationSurface:Detailed,
  dorm2_jan_0_00d,
  Window,
  vidro,
  dorm2_parex_00d,
  ,
  ,
  ,
  ,
  4.0,
  2.3729096063693619,
  0.6560142433667113,
  1.1,
  2.3729096063693619,
  4.592099703566985,
  1.1,
  2.3729096063693619,
  4.592099703566985,
  2.1,
  2.3729096063693619,
  0.6560142433667113,
  2.1;
FenestrationSurface:Detailed,
  dorm2_portain_0_01e,
  Door,
  porta,
  dorm2_parin_01e,
  sala_portain_0_02d,
  ,
  ,
  ,
  4.0,
  0.0,
  1.3872689603142599,
  0.0,
  0.0,
  0.5872689603142598,
  0.0,
  0.0,
  0.5872689603142598,
  2.1,
  0.0,
  1.3872689603142599,
  2.1;
FenestrationSurface:Detailed,
  sala_jan_0_00i,
  Window,
  vidro,
  sala_parex_00i,
  ,
  ,
  ,
  ,
  4.0,
  0.41893978908072207,
  0.0,
  1.1,
  2.9325785235650549,
  0.0,
  1.1,
  2.9325785235650549,
  0.0,
  2.1,
  0.41893978908072207,
  0.0,
  2.1;
FenestrationSurface:Detailed,
  sala_jan_0_01e,
  Window,
  vidro,
  sala_parex_01e,
  ,
  ,
  ,
  ,
  4.0,
  0.0,
  7.42616783745156,
  1.1,
  0.0,
  1.0608811196359374,
  1.1,
  0.0,
  1.0608811196359374,
  2.1,
  0.0,
  7.42616783745156,
  2.1;
FenestrationSurface:Detailed,
  sala_portaex_0_00d,
  Door,
  porta,
  sala_parex_00d,
  ,
  ,
  ,
  ,
  4.0,
  3.351518312645777,
  0.5872689603142598,
  0.0,
  3.351518312645777,
  1.3872689603142599,
  0.0,
  3.351518312645777,
  1.3872689603142599,
  2.1,
  3.351518312645777,
  0.5872689603142598,
  2.1;
FenestrationSurface:Detailed,
  sala_portaex_0_00s,
  Door,
  porta,
  sala_parex_00s,
  ,
  ,
  ,
  ,
  4.0,
  3.2578838324886467,
  11.67402244301423,
  0.0,
  2.4578838324886469,
  11.67402244301423,
  0.0,
  2.4578838324886469,
  11.67402244301423,
  2.1,
  3.2578838324886467,
  11.67402244301423,
  2.1;
FenestrationSurface:Detailed,
  sala_portain_0_00e,
  Door,
  porta,
  sala_parin_00e,
  bwc_portain_0_00d,
  ,
  ,
  ,
  4.0,
  2.191044271574629,
  9.874317917401758,
  0.0,
  2.191044271574629,
  9.074317917401757,
  0.0,
  2.191044271574629,
  9.074317917401757,
  2.1,
  2.191044271574629,
  9.874317917401758,
  2.1;
FenestrationSurface:Detailed,
  sala_portain_0_01d,
  Door,
  porta,
  sala_parin_01d,
  dorm1_portain_0_00e,
  ,
  ,
  ,
  4.0,
  3.351518312645777,
  6.207773830875265,
  0.0,
  3.351518312645777,
  7.007773830875266,
  0.0,
  3.351518312645777,
  7.007773830875266,
  2.1,
  3.351518312645777,
  6.207773830875265,
  2.1;
FenestrationSurface:Detailed,
  sala_portain_0_02d,
  Door,
  porta,
  sala_parin_02d,
  dorm2_portain_0_01e,
  ,
  ,
  ,
  4.0,
  3.351518312645777,
  8.17365149746594,
  0.0,
  3.351518312645777,
  8.97365149746594,
  0.0,
  3.351518312645777,
  8.97365149746594,
  2.1,
  3.351518312645777,
  8.17365149746594,
  2.1;
