FenestrationSurface:Detailed,
  bwc_jan_0_00e,
  Window,
  vidro,
  bwc_parex_00e,
  ,
  ,
  ,
  ,
  4.0,
  0.0,
  1.526765281680262,
  1.6,
  0.0,
  0.7267652816802617,
  1.6,
  0.0,
  0.7267652816802617,
  2.2,
  0.0,
  1.526765281680262,
  2.2;
FenestrationSurface:Detailed,
  bwc_portain_0_00d,
  Door,
  porta,
  bwc_parin_00d,
  sala_portain_0_00e,
  ,
  ,
  ,
  4.0,
  3.0986045246207198,
  0.2981045766932058,
  0.0,
  3.0986045246207198,
  1.0981045766932057,
  0.0,
  3.0986045246207198,
  1.0981045766932057,
  2.1,
  3.0986045246207198,
  0.2981045766932058,
  2.1;
FenestrationSurface:Detailed,
  dorm1_jan_0_00i,
  Window,
  vidro,
  dorm1_parex_00i,
  ,
  ,
  ,
  ,
  4.0,
  0.4194751184516192,
  0.0,
  1.1,
  2.9363258291613345,
  0.0,
  1.1,
  2.9363258291613345,
  0.0,
  2.1,
  0.4194751184516192,
  0.0,
  2.1;
FenestrationSurface:Detailed,
  dorm1_portain_0_00e,
  Door,
  porta,
  dorm1_parin_00e,
  sala_portain_0_01d,
  ,
  ,
  ,
  4.0,
  0.0,
  3.6639450822585846,
  0.0,
  0.0,
  2.8639450822585847,
  0.0,
  0.0,
  2.8639450822585847,
  2.1,
  0.0,
  3.6639450822585846,
  2.1;
FenestrationSurface:Detailed,
  dorm2_jan_0_00d,
  Window,
  vidro,
  dorm2_parex_00d,
  ,
  ,
  ,
  ,
  4.0,
  3.3558009476129539,
  0.46387212003956437,
  1.1,
  3.3558009476129539,
  3.24710484027695,
  1.1,
  3.3558009476129539,
  3.24710484027695,
  2.1,
  3.3558009476129539,
  0.46387212003956437,
  2.1;
FenestrationSurface:Detailed,
  dorm2_portain_0_01e,
  Door,
  porta,
  dorm2_parin_01e,
  sala_portain_0_02d,
  ,
  ,
  ,
  4.0,
  0.0,
  1.0981045766932057,
  0.0,
  0.0,
  0.2981045766932058,
  0.0,
  0.0,
  0.2981045766932058,
  2.1,
  0.0,
  1.0981045766932057,
  2.1;
FenestrationSurface:Detailed,
  sala_jan_0_00i,
  Window,
  vidro,
  sala_parex_00i,
  ,
  ,
  ,
  ,
  4.0,
  0.5924703315356812,
  0.0,
  1.1,
  4.147292320749768,
  0.0,
  1.1,
  4.147292320749768,
  0.0,
  2.1,
  0.5924703315356812,
  0.0,
  2.1;
FenestrationSurface:Detailed,
  sala_jan_0_01e,
  Window,
  vidro,
  sala_parex_01e,
  ,
  ,
  ,
  ,
  4.0,
  0.0,
  5.251093636091437,
  1.1,
  0.0,
  0.7501562337273491,
  1.1,
  0.0,
  0.7501562337273491,
  2.1,
  0.0,
  5.251093636091437,
  2.1;
FenestrationSurface:Detailed,
  sala_portaex_0_00d,
  Door,
  porta,
  sala_parex_00d,
  ,
  ,
  ,
  ,
  4.0,
  4.7397626522854499,
  0.2981045766932058,
  0.0,
  4.7397626522854499,
  1.0981045766932057,
  0.0,
  4.7397626522854499,
  1.0981045766932057,
  2.1,
  4.7397626522854499,
  0.2981045766932058,
  2.1;
FenestrationSurface:Detailed,
  sala_portaex_0_00s,
  Door,
  porta,
  sala_parex_00s,
  ,
  ,
  ,
  ,
  4.0,
  4.441658075592244,
  8.25478043317931,
  0.0,
  3.641658075592243,
  8.25478043317931,
  0.0,
  3.641658075592243,
  8.25478043317931,
  2.1,
  4.441658075592244,
  8.25478043317931,
  2.1;
FenestrationSurface:Detailed,
  sala_portain_0_00e,
  Door,
  porta,
  sala_parin_00e,
  bwc_portain_0_00d,
  ,
  ,
  ,
  4.0,
  3.0986045246207198,
  7.099354446511992,
  0.0,
  3.0986045246207198,
  6.299354446511993,
  0.0,
  3.0986045246207198,
  6.299354446511993,
  2.1,
  3.0986045246207198,
  7.099354446511992,
  2.1;
FenestrationSurface:Detailed,
  sala_portain_0_01d,
  Door,
  porta,
  sala_parin_01d,
  dorm1_portain_0_00e,
  ,
  ,
  ,
  4.0,
  4.7397626522854499,
  4.272401684358911,
  0.0,
  4.7397626522854499,
  5.072401684358912,
  0.0,
  4.7397626522854499,
  5.072401684358912,
  2.1,
  4.7397626522854499,
  4.272401684358911,
  2.1;
FenestrationSurface:Detailed,
  sala_portain_0_02d,
  Door,
  porta,
  sala_parin_02d,
  dorm2_portain_0_01e,
  ,
  ,
  ,
  4.0,
  4.7397626522854499,
  5.662487113388364,
  0.0,
  4.7397626522854499,
  6.462487113388365,
  0.0,
  4.7397626522854499,
  6.462487113388365,
  2.1,
  4.7397626522854499,
  5.662487113388364,
  2.1;
