FenestrationSurface:Detailed,
  bwc_jan_0_00e,
  Window,
  vidro,
  bwc_parex_00e,
  ,
  ,
  ,
  ,
  4.0,
  0.0,
  1.1126289357021647,
  1.6,
  0.0,
  0.3126289357021647,
  1.6,
  0.0,
  0.3126289357021647,
  2.2,
  0.0,
  1.1126289357021647,
  2.2;
FenestrationSurface:Detailed,
  bwc_portain_0_00d,
  Door,
  porta,
  bwc_parin_00d,
  sala_portain_0_00e,
  ,
  ,
  ,
  4.0,
  4.899323932952382,
  0.0415201014676454,
  0.0,
  4.899323932952382,
  0.8415201014676454,
  0.0,
  4.899323932952382,
  0.8415201014676454,
  2.1,
  4.899323932952382,
  0.0415201014676454,
  2.1;
FenestrationSurface:Detailed,
  dorm1_jan_0_00i,
  Window,
  vidro,
  dorm1_parex_00i,
  ,
  ,
  ,
  ,
  4.0,
  0.6632483980380202,
  0.0,
  1.1,
  4.642738786266142,
  0.0,
  1.1,
  4.642738786266142,
  0.0,
  2.1,
  0.6632483980380202,
  0.0,
  2.1;
FenestrationSurface:Detailed,
  dorm1_portain_0_00e,
  Door,
  porta,
  dorm1_parin_00e,
  sala_portain_0_01d,
  ,
  ,
  ,
  4.0,
  0.0,
  2.464300123528553,
  0.0,
  0.0,
  1.664300123528553,
  0.0,
  0.0,
  1.664300123528553,
  2.1,
  0.0,
  2.464300123528553,
  2.1;
FenestrationSurface:Detailed,
  dorm2_jan_0_00d,
  Window,
  vidro,
  dorm2_parex_00d,
  ,
  ,
  ,
  ,
  4.0,
  5.305987184304161,
  0.29337848847521189,
  1.1,
  5.305987184304161,
  2.053649419326482,
  1.1,
  5.305987184304161,
  2.053649419326482,
  2.1,
  5.305987184304161,
  0.29337848847521189,
  2.1;
FenestrationSurface:Detailed,
  dorm2_portain_0_01e,
  Door,
  porta,
  dorm2_parin_01e,
  sala_portain_0_02d,
  ,
  ,
  ,
  4.0,
  0.0,
  0.8415201014676454,
  0.0,
  0.0,
  0.0415201014676454,
  0.0,
  0.0,
  0.0415201014676454,
  2.1,
  0.0,
  0.8415201014676454,
  2.1;
FenestrationSurface:Detailed,
  sala_jan_0_00i,
  Window,
  vidro,
  sala_parex_00i,
  ,
  ,
  ,
  ,
  4.0,
  0.9367778468639201,
  0.0,
  1.1,
  6.557444928047431,
  0.0,
  1.1,
  6.557444928047431,
  0.0,
  2.1,
  0.9367778468639201,
  0.0,
  2.1;
FenestrationSurface:Detailed,
  sala_jan_0_01e,
  Window,
  vidro,
  sala_parex_01e,
  ,
  ,
  ,
  ,
  4.0,
  0.0,
  3.32108321937286,
  1.1,
  0.0,
  0.4744404599104086,
  1.1,
  0.0,
  0.4744404599104086,
  2.1,
  0.0,
  3.32108321937286,
  2.1;
FenestrationSurface:Detailed,
  sala_portaex_0_00d,
  Door,
  porta,
  sala_parex_00d,
  ,
  ,
  ,
  ,
  4.0,
  7.494222774911352,
  0.0415201014676454,
  0.0,
  7.494222774911352,
  0.8415201014676454,
  0.0,
  7.494222774911352,
  0.8415201014676454,
  2.1,
  7.494222774911352,
  0.0415201014676454,
  2.1;
FenestrationSurface:Detailed,
  sala_portaex_0_00s,
  Door,
  porta,
  sala_parex_00s,
  ,
  ,
  ,
  ,
  4.0,
  6.790422521242237,
  5.220781550687597,
  0.0,
  5.990422521242237,
  5.220781550687597,
  0.0,
  5.990422521242237,
  5.220781550687597,
  2.1,
  6.790422521242237,
  5.220781550687597,
  2.1;
FenestrationSurface:Detailed,
  sala_portain_0_00e,
  Door,
  porta,
  sala_parin_00e,
  bwc_portain_0_00d,
  ,
  ,
  ,
  4.0,
  4.899323932952382,
  4.637043780750915,
  0.0,
  4.899323932952382,
  3.837043780750914,
  0.0,
  4.899323932952382,
  3.837043780750914,
  2.1,
  4.899323932952382,
  4.637043780750915,
  2.1;
FenestrationSurface:Detailed,
  sala_portain_0_01d,
  Door,
  porta,
  sala_parin_01d,
  dorm1_portain_0_00e,
  ,
  ,
  ,
  4.0,
  7.494222774911352,
  2.555086293156259,
  0.0,
  7.494222774911352,
  3.355086293156259,
  0.0,
  7.494222774911352,
  3.355086293156259,
  2.1,
  7.494222774911352,
  2.555086293156259,
  2.1;
FenestrationSurface:Detailed,
  sala_portain_0_02d,
  Door,
  porta,
  sala_parin_02d,
  dorm2_portain_0_01e,
  ,
  ,
  ,
  4.0,
  7.494222774911352,
  3.4342535127453415,
  0.0,
  7.494222774911352,
  4.234253512745342,
  0.0,
  7.494222774911352,
  4.234253512745342,
  2.1,
  7.494222774911352,
  3.4342535127453415,
  2.1;
