FenestrationSurface:Detailed,
  bwc_jan_0_00e,
  Window,
  vidro,
  bwc_parex_00e,
  ,
  ,
  ,
  ,
  4.0,
  0.0,
  1.7010764773832477,
  1.6,
  0.0,
  0.9010764773832474,
  1.6,
  0.0,
  0.9010764773832474,
  2.2,
  0.0,
  1.7010764773832477,
  2.2;
FenestrationSurface:Detailed,
  bwc_portain_0_00d,
  Door,
  porta,
  bwc_parin_00d,
  sala_portain_0_00e,
  ,
  ,
  ,
  4.0,
  3.5779603128039305,
  0.4061017305526642,
  0.0,
  3.5779603128039305,
  1.2061017305526643,
  0.0,
  3.5779603128039305,
  1.2061017305526643,
  2.1,
  3.5779603128039305,
  0.4061017305526642,
  2.1;
FenestrationSurface:Detailed,
  dorm1_jan_0_00i,
  Window,
  vidro,
  dorm1_parex_00i,
  ,
  ,
  ,
  ,
  4.0,
  0.48436814511278505,
  0.0,
  1.1,
  3.3905770157894965,
  0.0,
  1.1,
  3.3905770157894965,
  0.0,
  2.1,
  0.48436814511278505,
  0.0,
  2.1;
FenestrationSurface:Detailed,
  dorm1_portain_0_00e,
  Door,
  porta,
  dorm1_parin_00e,
  sala_portain_0_01d,
  ,
  ,
  ,
  4.0,
  0.0,
  4.168879143724299,
  0.0,
  0.0,
  3.368879143724299,
  0.0,
  0.0,
  3.368879143724299,
  2.1,
  0.0,
  4.168879143724299,
  2.1;
FenestrationSurface:Detailed,
  dorm2_jan_0_00d,
  Window,
  vidro,
  dorm2_parex_00d,
  ,
  ,
  ,
  ,
  4.0,
  3.874945160902281,
  0.5356333867488095,
  1.1,
  3.874945160902281,
  3.7494337072416688,
  1.1,
  3.874945160902281,
  3.7494337072416688,
  2.1,
  3.874945160902281,
  0.5356333867488095,
  2.1;
FenestrationSurface:Detailed,
  dorm2_portain_0_01e,
  Door,
  porta,
  dorm2_parin_01e,
  sala_portain_0_02d,
  ,
  ,
  ,
  4.0,
  0.0,
  1.2061017305526643,
  0.0,
  0.0,
  0.4061017305526642,
  0.0,
  0.0,
  0.4061017305526642,
  2.1,
  0.0,
  1.2061017305526643,
  2.1;
FenestrationSurface:Detailed,
  sala_jan_0_00i,
  Window,
  vidro,
  sala_parex_00i,
  ,
  ,
  ,
  ,
  4.0,
  0.6841258107979851,
  0.0,
  1.1,
  4.788880675585894,
  0.0,
  1.1,
  4.788880675585894,
  0.0,
  2.1,
  0.6841258107979851,
  0.0,
  2.1;
FenestrationSurface:Detailed,
  sala_jan_0_01e,
  Window,
  vidro,
  sala_parex_01e,
  ,
  ,
  ,
  ,
  4.0,
  0.0,
  6.063440648674645,
  1.1,
  0.0,
  0.8662058069535212,
  1.1,
  0.0,
  0.8662058069535212,
  2.1,
  0.0,
  6.063440648674645,
  2.1;
FenestrationSurface:Detailed,
  sala_portaex_0_00d,
  Door,
  porta,
  sala_parex_00d,
  ,
  ,
  ,
  ,
  4.0,
  5.473006486383879,
  0.4061017305526642,
  0.0,
  5.473006486383879,
  1.2061017305526643,
  0.0,
  5.473006486383879,
  1.2061017305526643,
  2.1,
  5.473006486383879,
  0.4061017305526642,
  2.1;
FenestrationSurface:Detailed,
  sala_portaex_0_00s,
  Door,
  porta,
  sala_parex_00s,
  ,
  ,
  ,
  ,
  4.0,
  5.066904755831214,
  9.531799410394662,
  0.0,
  4.266904755831213,
  9.531799410394662,
  0.0,
  4.266904755831213,
  9.531799410394662,
  2.1,
  5.066904755831214,
  9.531799410394662,
  2.1;
FenestrationSurface:Detailed,
  sala_portain_0_00e,
  Door,
  porta,
  sala_parin_00e,
  bwc_portain_0_00d,
  ,
  ,
  ,
  4.0,
  3.5779603128039305,
  8.135748186180832,
  0.0,
  3.5779603128039305,
  7.335748186180831,
  0.0,
  3.5779603128039305,
  7.335748186180831,
  2.1,
  3.5779603128039305,
  8.135748186180832,
  2.1;
FenestrationSurface:Detailed,
  sala_portain_0_01d,
  Door,
  porta,
  sala_parin_01d,
  dorm1_portain_0_00e,
  ,
  ,
  ,
  4.0,
  5.473006486383879,
  4.995224740453358,
  0.0,
  5.473006486383879,
  5.795224740453358,
  0.0,
  5.473006486383879,
  5.795224740453358,
  2.1,
  5.473006486383879,
  4.995224740453358,
  2.1;
FenestrationSurface:Detailed,
  sala_portain_0_02d,
  Door,
  porta,
  sala_parin_02d,
  dorm2_portain_0_01e,
  ,
  ,
  ,
  4.0,
  5.473006486383879,
  6.6003571337468209,
  0.0,
  5.473006486383879,
  7.4003571337468199,
  0.0,
  5.473006486383879,
  7.4003571337468199,
  2.1,
  5.473006486383879,
  6.6003571337468209,
  2.1;
