!-   ===========  ALL OBJECTS IN CLASS: SHADING:BUILDING:DETAILED ===========

Shading:Building:Detailed,
  co_shade_d01,
  ,
  4.0,
  42.10672867844283,
  9.761216624990963,
  8.3,
  42.10672867844283,
  3.564007575749524,
  8.3,
  43.30672867844282,
  3.564007575749524,
  8.3,
  43.30672867844282,
  9.761216624990963,
  8.3;

Shading:Building:Detailed,
  co_shade_e01,
  ,
  4.0,
  -1.2,
  9.761216624990963,
  8.3,
  -1.2,
  3.564007575749524,
  8.3,
  0.0,
  3.564007575749524,
  8.3,
  0.0,
  9.761216624990963,
  8.3;

Shading:Building:Detailed,
  co_shade_i01,
  ,
  4.0,
  0.0,
  0.0,
  8.3,
  0.0,
  -1.2,
  8.3,
  14.145803264572854,
  -1.2,
  8.3,
  14.145803264572854,
  0.0,
  8.3;

Shading:Building:Detailed,
  co_shade_i02,
  ,
  4.0,
  14.145803264572854,
  -1.4696938456699067,
  8.3,
  14.145803264572854,
  -2.6696938456699068,
  8.3,
  27.960925413869974,
  -2.6696938456699068,
  8.3,
  27.960925413869974,
  -1.4696938456699067,
  8.3;

Shading:Building:Detailed,
  co_shade_i03,
  ,
  4.0,
  27.960925413869974,
  0.0,
  8.3,
  27.960925413869974,
  -1.2,
  8.3,
  42.10672867844283,
  -1.2,
  8.3,
  42.10672867844283,
  0.0,
  8.3;

Shading:Building:Detailed,
  co_shade_s01,
  ,
  4.0,
  0.0,
  14.525224200740487,
  8.3,
  0.0,
  13.325224200740488,
  8.3,
  14.145803264572854,
  13.325224200740488,
  8.3,
  14.145803264572854,
  14.525224200740487,
  8.3;

Shading:Building:Detailed,
  co_shade_s02,
  ,
  4.0,
  14.145803264572854,
  15.994918046410394,
  8.3,
  14.145803264572854,
  14.794918046410395,
  8.3,
  27.960925413869974,
  14.794918046410395,
  8.3,
  27.960925413869974,
  15.994918046410394,
  8.3;

Shading:Building:Detailed,
  co_shade_s03,
  ,
  4.0,
  27.960925413869974,
  14.525224200740487,
  8.3,
  27.960925413869974,
  13.325224200740488,
  8.3,
  42.10672867844283,
  13.325224200740488,
  8.3,
  42.10672867844283,
  14.525224200740487,
  8.3;

Shading:Building:Detailed,
  tp0_shade_d01,
  ,
  4.0,
  42.10672867844283,
  9.761216624990963,
  5.5,
  42.10672867844283,
  3.564007575749524,
  5.5,
  43.30672867844282,
  3.564007575749524,
  5.5,
  43.30672867844282,
  9.761216624990963,
  5.5;

Shading:Building:Detailed,
  tp0_shade_e01,
  ,
  4.0,
  -1.2,
  9.761216624990963,
  5.5,
  -1.2,
  3.564007575749524,
  5.5,
  0.0,
  3.564007575749524,
  5.5,
  0.0,
  9.761216624990963,
  5.5;

Shading:Building:Detailed,
  tp0_shade_i01,
  ,
  4.0,
  0.0,
  0.0,
  5.5,
  0.0,
  -1.2,
  5.5,
  14.145803264572854,
  -1.2,
  5.5,
  14.145803264572854,
  0.0,
  5.5;

Shading:Building:Detailed,
  tp0_shade_i02,
  ,
  4.0,
  14.145803264572854,
  -1.4696938456699067,
  5.5,
  14.145803264572854,
  -2.6696938456699068,
  5.5,
  27.960925413869974,
  -2.6696938456699068,
  5.5,
  27.960925413869974,
  -1.4696938456699067,
  5.5;

Shading:Building:Detailed,
  tp0_shade_i03,
  ,
  4.0,
  27.960925413869974,
  0.0,
  5.5,
  27.960925413869974,
  -1.2,
  5.5,
  42.10672867844283,
  -1.2,
  5.5,
  42.10672867844283,
  0.0,
  5.5;

Shading:Building:Detailed,
  tp0_shade_s01,
  ,
  4.0,
  0.0,
  14.525224200740487,
  5.5,
  0.0,
  13.325224200740488,
  5.5,
  14.145803264572854,
  13.325224200740488,
  5.5,
  14.145803264572854,
  14.525224200740487,
  5.5;

Shading:Building:Detailed,
  tp0_shade_s02,
  ,
  4.0,
  14.145803264572854,
  15.994918046410394,
  5.5,
  14.145803264572854,
  14.794918046410395,
  5.5,
  27.960925413869974,
  14.794918046410395,
  5.5,
  27.960925413869974,
  15.994918046410394,
  5.5;

Shading:Building:Detailed,
  tp0_shade_s03,
  ,
  4.0,
  27.960925413869974,
  14.525224200740487,
  5.5,
  27.960925413869974,
  13.325224200740488,
  5.5,
  42.10672867844283,
  13.325224200740488,
  5.5,
  42.10672867844283,
  14.525224200740487,
  5.5;


Shading:Building:Detailed,
  te_shade_d01,
  ,
  4.0,
  42.10672867844283,
  9.761216624990963,
  2.7,
  42.10672867844283,
  3.564007575749524,
  2.7,
  43.30672867844282,
  3.564007575749524,
  2.7,
  43.30672867844282,
  9.761216624990963,
  2.7;

Shading:Building:Detailed,
  te_shade_e01,
  ,
  4.0,
  -1.2,
  9.761216624990963,
  2.7,
  -1.2,
  3.564007575749524,
  2.7,
  0.0,
  3.564007575749524,
  2.7,
  0.0,
  9.761216624990963,
  2.7;

Shading:Building:Detailed,
  te_shade_i01,
  ,
  4.0,
  0.0,
  0.0,
  2.7,
  0.0,
  -1.2,
  2.7,
  14.145803264572854,
  -1.2,
  2.7,
  14.145803264572854,
  0.0,
  2.7;

Shading:Building:Detailed,
  te_shade_i02,
  ,
  4.0,
  14.145803264572854,
  -1.4696938456699067,
  2.7,
  14.145803264572854,
  -2.6696938456699068,
  2.7,
  27.960925413869974,
  -2.6696938456699068,
  2.7,
  27.960925413869974,
  -1.4696938456699067,
  2.7;

Shading:Building:Detailed,
  te_shade_i03,
  ,
  4.0,
  27.960925413869974,
  0.0,
  2.7,
  27.960925413869974,
  -1.2,
  2.7,
  42.10672867844283,
  -1.2,
  2.7,
  42.10672867844283,
  0.0,
  2.7;

Shading:Building:Detailed,
  te_shade_s01,
  ,
  4.0,
  0.0,
  14.525224200740487,
  2.7,
  0.0,
  13.325224200740488,
  2.7,
  14.145803264572854,
  13.325224200740488,
  2.7,
  14.145803264572854,
  14.525224200740487,
  2.7;

Shading:Building:Detailed,
  te_shade_s02,
  ,
  4.0,
  14.145803264572854,
  15.994918046410394,
  2.7,
  14.145803264572854,
  14.794918046410395,
  2.7,
  27.960925413869974,
  14.794918046410395,
  2.7,
  27.960925413869974,
  15.994918046410394,
  2.7;

Shading:Building:Detailed,
  te_shade_s03,
  ,
  4.0,
  27.960925413869974,
  14.525224200740487,
  2.7,
  27.960925413869974,
  13.325224200740488,
  2.7,
  42.10672867844283,
  13.325224200740488,
  2.7,
  42.10672867844283,
  14.525224200740487,
  2.7;
