!-   ===========  ALL OBJECTS IN CLASS: SHADING:BUILDING:DETAILED ===========

Shading:Building:Detailed,
  co_shade_d01,
  ,
  4.0,
  48.62066227438701,
  5.635641046056783,
  8.3,
  48.62066227438701,
  2.057680733252853,
  8.3,
  49.820662274387007,
  2.057680733252853,
  8.3,
  49.820662274387007,
  5.635641046056783,
  8.3;

Shading:Building:Detailed,
  co_shade_e01,
  ,
  4.0,
  -1.2,
  5.635641046056783,
  8.3,
  -1.2,
  2.057680733252853,
  8.3,
  0.0,
  2.057680733252853,
  8.3,
  0.0,
  5.635641046056783,
  8.3;

Shading:Building:Detailed,
  co_shade_i01,
  ,
  4.0,
  0.0,
  0.0,
  8.3,
  0.0,
  -1.2,
  8.3,
  16.334166645409249,
  -1.2,
  8.3,
  16.334166645409249,
  0.0,
  8.3;

Shading:Building:Detailed,
  co_shade_i02,
  ,
  4.0,
  16.334166645409249,
  -0.8485281374238569,
  8.3,
  16.334166645409249,
  -2.048528137423857,
  8.3,
  32.286495628977757,
  -2.048528137423857,
  8.3,
  32.286495628977757,
  -0.8485281374238569,
  8.3;

Shading:Building:Detailed,
  co_shade_i03,
  ,
  4.0,
  32.286495628977757,
  0.0,
  8.3,
  32.286495628977757,
  -1.2,
  8.3,
  48.62066227438701,
  -1.2,
  8.3,
  48.62066227438701,
  0.0,
  8.3;

Shading:Building:Detailed,
  co_shade_s01,
  ,
  4.0,
  0.0,
  8.893321779309638,
  8.3,
  0.0,
  7.693321779309637,
  8.3,
  16.334166645409249,
  7.693321779309637,
  8.3,
  16.334166645409249,
  8.893321779309638,
  8.3;

Shading:Building:Detailed,
  co_shade_s02,
  ,
  4.0,
  16.334166645409249,
  9.741849916733493,
  8.3,
  16.334166645409249,
  8.541849916733494,
  8.3,
  32.286495628977757,
  8.541849916733494,
  8.3,
  32.286495628977757,
  9.741849916733493,
  8.3;

Shading:Building:Detailed,
  co_shade_s03,
  ,
  4.0,
  32.286495628977757,
  8.893321779309638,
  8.3,
  32.286495628977757,
  7.693321779309637,
  8.3,
  48.62066227438701,
  7.693321779309637,
  8.3,
  48.62066227438701,
  8.893321779309638,
  8.3;


Shading:Building:Detailed,
  tp0_shade_d01,
  ,
  4.0,
  48.62066227438701,
  5.635641046056783,
  5.5,
  48.62066227438701,
  2.057680733252853,
  5.5,
  49.820662274387007,
  2.057680733252853,
  5.5,
  49.820662274387007,
  5.635641046056783,
  5.5;

Shading:Building:Detailed,
  tp0_shade_e01,
  ,
  4.0,
  -1.2,
  5.635641046056783,
  5.5,
  -1.2,
  2.057680733252853,
  5.5,
  0.0,
  2.057680733252853,
  5.5,
  0.0,
  5.635641046056783,
  5.5;

Shading:Building:Detailed,
  tp0_shade_i01,
  ,
  4.0,
  0.0,
  0.0,
  5.5,
  0.0,
  -1.2,
  5.5,
  16.334166645409249,
  -1.2,
  5.5,
  16.334166645409249,
  0.0,
  5.5;

Shading:Building:Detailed,
  tp0_shade_i02,
  ,
  4.0,
  16.334166645409249,
  -0.8485281374238569,
  5.5,
  16.334166645409249,
  -2.048528137423857,
  5.5,
  32.286495628977757,
  -2.048528137423857,
  5.5,
  32.286495628977757,
  -0.8485281374238569,
  5.5;

Shading:Building:Detailed,
  tp0_shade_i03,
  ,
  4.0,
  32.286495628977757,
  0.0,
  5.5,
  32.286495628977757,
  -1.2,
  5.5,
  48.62066227438701,
  -1.2,
  5.5,
  48.62066227438701,
  0.0,
  5.5;

Shading:Building:Detailed,
  tp0_shade_s01,
  ,
  4.0,
  0.0,
  8.893321779309638,
  5.5,
  0.0,
  7.693321779309637,
  5.5,
  16.334166645409249,
  7.693321779309637,
  5.5,
  16.334166645409249,
  8.893321779309638,
  5.5;

Shading:Building:Detailed,
  tp0_shade_s02,
  ,
  4.0,
  16.334166645409249,
  9.741849916733493,
  5.5,
  16.334166645409249,
  8.541849916733494,
  5.5,
  32.286495628977757,
  8.541849916733494,
  5.5,
  32.286495628977757,
  9.741849916733493,
  5.5;

Shading:Building:Detailed,
  tp0_shade_s03,
  ,
  4.0,
  32.286495628977757,
  8.893321779309638,
  5.5,
  32.286495628977757,
  7.693321779309637,
  5.5,
  48.62066227438701,
  7.693321779309637,
  5.5,
  48.62066227438701,
  8.893321779309638,
  5.5;


Shading:Building:Detailed,
  te_shade_d01,
  ,
  4.0,
  48.62066227438701,
  5.635641046056783,
  2.7,
  48.62066227438701,
  2.057680733252853,
  2.7,
  49.820662274387007,
  2.057680733252853,
  2.7,
  49.820662274387007,
  5.635641046056783,
  2.7;

Shading:Building:Detailed,
  te_shade_e01,
  ,
  4.0,
  -1.2,
  5.635641046056783,
  2.7,
  -1.2,
  2.057680733252853,
  2.7,
  0.0,
  2.057680733252853,
  2.7,
  0.0,
  5.635641046056783,
  2.7;

Shading:Building:Detailed,
  te_shade_i01,
  ,
  4.0,
  0.0,
  0.0,
  2.7,
  0.0,
  -1.2,
  2.7,
  16.334166645409249,
  -1.2,
  2.7,
  16.334166645409249,
  0.0,
  2.7;

Shading:Building:Detailed,
  te_shade_i02,
  ,
  4.0,
  16.334166645409249,
  -0.8485281374238569,
  2.7,
  16.334166645409249,
  -2.048528137423857,
  2.7,
  32.286495628977757,
  -2.048528137423857,
  2.7,
  32.286495628977757,
  -0.8485281374238569,
  2.7;

Shading:Building:Detailed,
  te_shade_i03,
  ,
  4.0,
  32.286495628977757,
  0.0,
  2.7,
  32.286495628977757,
  -1.2,
  2.7,
  48.62066227438701,
  -1.2,
  2.7,
  48.62066227438701,
  0.0,
  2.7;

Shading:Building:Detailed,
  te_shade_s01,
  ,
  4.0,
  0.0,
  8.893321779309638,
  2.7,
  0.0,
  7.693321779309637,
  2.7,
  16.334166645409249,
  7.693321779309637,
  2.7,
  16.334166645409249,
  8.893321779309638,
  2.7;

Shading:Building:Detailed,
  te_shade_s02,
  ,
  4.0,
  16.334166645409249,
  9.741849916733493,
  2.7,
  16.334166645409249,
  8.541849916733494,
  2.7,
  32.286495628977757,
  8.541849916733494,
  2.7,
  32.286495628977757,
  9.741849916733493,
  2.7;

Shading:Building:Detailed,
  te_shade_s03,
  ,
  4.0,
  32.286495628977757,
  8.893321779309638,
  2.7,
  32.286495628977757,
  7.693321779309637,
  2.7,
  48.62066227438701,
  7.693321779309637,
  2.7,
  48.62066227438701,
  8.893321779309638,
  2.7;
