!-   ===========  ALL OBJECTS IN CLASS: SHADING:BUILDING:DETAILED ===========

Shading:Building:Detailed,
  co_shade_d01,
  ,
  4.0,
  59.54790676421799,
  6.902222468161974,
  8.3,
  59.54790676421799,
  2.520133925012716,
  8.3,
  60.74790676421799,
  2.520133925012716,
  8.3,
  60.74790676421799,
  6.902222468161974,
  8.3;

Shading:Building:Detailed,
  co_shade_e01,
  ,
  4.0,
  -1.2,
  6.902222468161974,
  8.3,
  -1.2,
  2.520133925012716,
  8.3,
  0.0,
  2.520133925012716,
  8.3,
  0.0,
  6.902222468161974,
  8.3;

Shading:Building:Detailed,
  co_shade_i01,
  ,
  4.0,
  0.0,
  0.0,
  8.3,
  0.0,
  -1.2,
  8.3,
  20.00518682742053,
  -1.2,
  8.3,
  20.00518682742053,
  0.0,
  8.3;

Shading:Building:Detailed,
  co_shade_i02,
  ,
  4.0,
  20.00518682742053,
  -1.039230484541326,
  8.3,
  20.00518682742053,
  -2.2392304845413264,
  8.3,
  39.54271993679746,
  -2.2392304845413264,
  8.3,
  39.54271993679746,
  -1.039230484541326,
  8.3;

Shading:Building:Detailed,
  co_shade_i03,
  ,
  4.0,
  39.54271993679746,
  0.0,
  8.3,
  39.54271993679746,
  -1.2,
  8.3,
  59.54790676421799,
  -1.2,
  8.3,
  59.54790676421799,
  0.0,
  8.3;

Shading:Building:Detailed,
  co_shade_s01,
  ,
  4.0,
  0.0,
  10.622356393174691,
  8.3,
  0.0,
  9.422356393174692,
  8.3,
  20.00518682742053,
  9.422356393174692,
  8.3,
  20.00518682742053,
  10.622356393174691,
  8.3;

Shading:Building:Detailed,
  co_shade_s02,
  ,
  4.0,
  20.00518682742053,
  11.661586877716017,
  8.3,
  20.00518682742053,
  10.461586877716018,
  8.3,
  39.54271993679746,
  10.461586877716018,
  8.3,
  39.54271993679746,
  11.661586877716017,
  8.3;

Shading:Building:Detailed,
  co_shade_s03,
  ,
  4.0,
  39.54271993679746,
  10.622356393174691,
  8.3,
  39.54271993679746,
  9.422356393174692,
  8.3,
  59.54790676421799,
  9.422356393174692,
  8.3,
  59.54790676421799,
  10.622356393174691,
  8.3;


Shading:Building:Detailed,
  tp0_shade_d01,
  ,
  4.0,
  59.54790676421799,
  6.902222468161974,
  5.5,
  59.54790676421799,
  2.520133925012716,
  5.5,
  60.74790676421799,
  2.520133925012716,
  5.5,
  60.74790676421799,
  6.902222468161974,
  5.5;

Shading:Building:Detailed,
  tp0_shade_e01,
  ,
  4.0,
  -1.2,
  6.902222468161974,
  5.5,
  -1.2,
  2.520133925012716,
  5.5,
  0.0,
  2.520133925012716,
  5.5,
  0.0,
  6.902222468161974,
  5.5;

Shading:Building:Detailed,
  tp0_shade_i01,
  ,
  4.0,
  0.0,
  0.0,
  5.5,
  0.0,
  -1.2,
  5.5,
  20.00518682742053,
  -1.2,
  5.5,
  20.00518682742053,
  0.0,
  5.5;

Shading:Building:Detailed,
  tp0_shade_i02,
  ,
  4.0,
  20.00518682742053,
  -1.039230484541326,
  5.5,
  20.00518682742053,
  -2.2392304845413264,
  5.5,
  39.54271993679746,
  -2.2392304845413264,
  5.5,
  39.54271993679746,
  -1.039230484541326,
  5.5;

Shading:Building:Detailed,
  tp0_shade_i03,
  ,
  4.0,
  39.54271993679746,
  0.0,
  5.5,
  39.54271993679746,
  -1.2,
  5.5,
  59.54790676421799,
  -1.2,
  5.5,
  59.54790676421799,
  0.0,
  5.5;

Shading:Building:Detailed,
  tp0_shade_s01,
  ,
  4.0,
  0.0,
  10.622356393174691,
  5.5,
  0.0,
  9.422356393174692,
  5.5,
  20.00518682742053,
  9.422356393174692,
  5.5,
  20.00518682742053,
  10.622356393174691,
  5.5;

Shading:Building:Detailed,
  tp0_shade_s02,
  ,
  4.0,
  20.00518682742053,
  11.661586877716017,
  5.5,
  20.00518682742053,
  10.461586877716018,
  5.5,
  39.54271993679746,
  10.461586877716018,
  5.5,
  39.54271993679746,
  11.661586877716017,
  5.5;

Shading:Building:Detailed,
  tp0_shade_s03,
  ,
  4.0,
  39.54271993679746,
  10.622356393174691,
  5.5,
  39.54271993679746,
  9.422356393174692,
  5.5,
  59.54790676421799,
  9.422356393174692,
  5.5,
  59.54790676421799,
  10.622356393174691,
  5.5;


Shading:Building:Detailed,
  te_shade_d01,
  ,
  4.0,
  59.54790676421799,
  6.902222468161974,
  2.7,
  59.54790676421799,
  2.520133925012716,
  2.7,
  60.74790676421799,
  2.520133925012716,
  2.7,
  60.74790676421799,
  6.902222468161974,
  2.7;

Shading:Building:Detailed,
  te_shade_e01,
  ,
  4.0,
  -1.2,
  6.902222468161974,
  2.7,
  -1.2,
  2.520133925012716,
  2.7,
  0.0,
  2.520133925012716,
  2.7,
  0.0,
  6.902222468161974,
  2.7;

Shading:Building:Detailed,
  te_shade_i01,
  ,
  4.0,
  0.0,
  0.0,
  2.7,
  0.0,
  -1.2,
  2.7,
  20.00518682742053,
  -1.2,
  2.7,
  20.00518682742053,
  0.0,
  2.7;

Shading:Building:Detailed,
  te_shade_i02,
  ,
  4.0,
  20.00518682742053,
  -1.039230484541326,
  2.7,
  20.00518682742053,
  -2.2392304845413264,
  2.7,
  39.54271993679746,
  -2.2392304845413264,
  2.7,
  39.54271993679746,
  -1.039230484541326,
  2.7;

Shading:Building:Detailed,
  te_shade_i03,
  ,
  4.0,
  39.54271993679746,
  0.0,
  2.7,
  39.54271993679746,
  -1.2,
  2.7,
  59.54790676421799,
  -1.2,
  2.7,
  59.54790676421799,
  0.0,
  2.7;

Shading:Building:Detailed,
  te_shade_s01,
  ,
  4.0,
  0.0,
  10.622356393174691,
  2.7,
  0.0,
  9.422356393174692,
  2.7,
  20.00518682742053,
  9.422356393174692,
  2.7,
  20.00518682742053,
  10.622356393174691,
  2.7;

Shading:Building:Detailed,
  te_shade_s02,
  ,
  4.0,
  20.00518682742053,
  11.661586877716017,
  2.7,
  20.00518682742053,
  10.461586877716018,
  2.7,
  39.54271993679746,
  10.461586877716018,
  2.7,
  39.54271993679746,
  11.661586877716017,
  2.7;

Shading:Building:Detailed,
  te_shade_s03,
  ,
  4.0,
  39.54271993679746,
  10.622356393174691,
  2.7,
  39.54271993679746,
  9.422356393174692,
  2.7,
  59.54790676421799,
  9.422356393174692,
  2.7,
  59.54790676421799,
  10.622356393174691,
  2.7;
