!-   ===========  ALL OBJECTS IN CLASS: SHADING:BUILDING:DETAILED ===========

Shading:Building:Detailed,
  co_shade_d01,
  ,
  4.0,
  29.773953382108997,
  13.804444936323949,
  8.3,
  29.773953382108997,
  5.040267850025432,
  8.3,
  30.97395338210899,
  5.040267850025432,
  8.3,
  30.97395338210899,
  13.804444936323949,
  8.3;

Shading:Building:Detailed,
  co_shade_e01,
  ,
  4.0,
  -1.2,
  13.804444936323949,
  8.3,
  -1.2,
  5.040267850025432,
  8.3,
  0.0,
  5.040267850025432,
  8.3,
  0.0,
  13.804444936323949,
  8.3;

Shading:Building:Detailed,
  co_shade_i01,
  ,
  4.0,
  0.0,
  0.0,
  8.3,
  0.0,
  -1.2,
  8.3,
  10.002593413710266,
  -1.2,
  8.3,
  10.002593413710266,
  0.0,
  8.3;

Shading:Building:Detailed,
  co_shade_i02,
  ,
  4.0,
  10.002593413710266,
  -2.078460969082652,
  8.3,
  10.002593413710266,
  -3.2784609690826524,
  8.3,
  19.77135996839873,
  -3.2784609690826524,
  8.3,
  19.77135996839873,
  -2.078460969082652,
  8.3;

Shading:Building:Detailed,
  co_shade_i03,
  ,
  4.0,
  19.77135996839873,
  0.0,
  8.3,
  19.77135996839873,
  -1.2,
  8.3,
  29.773953382108997,
  -1.2,
  8.3,
  29.773953382108997,
  0.0,
  8.3;

Shading:Building:Detailed,
  co_shade_s01,
  ,
  4.0,
  0.0,
  20.044712786349384,
  8.3,
  0.0,
  18.844712786349385,
  8.3,
  10.002593413710266,
  18.844712786349385,
  8.3,
  10.002593413710266,
  20.044712786349384,
  8.3;

Shading:Building:Detailed,
  co_shade_s02,
  ,
  4.0,
  10.002593413710266,
  22.123173755432036,
  8.3,
  10.002593413710266,
  20.923173755432037,
  8.3,
  19.77135996839873,
  20.923173755432037,
  8.3,
  19.77135996839873,
  22.123173755432036,
  8.3;

Shading:Building:Detailed,
  co_shade_s03,
  ,
  4.0,
  19.77135996839873,
  20.044712786349384,
  8.3,
  19.77135996839873,
  18.844712786349385,
  8.3,
  29.773953382108997,
  18.844712786349385,
  8.3,
  29.773953382108997,
  20.044712786349384,
  8.3;


Shading:Building:Detailed,
  tp0_shade_d01,
  ,
  4.0,
  29.773953382108997,
  13.804444936323949,
  5.5,
  29.773953382108997,
  5.040267850025432,
  5.5,
  30.97395338210899,
  5.040267850025432,
  5.5,
  30.97395338210899,
  13.804444936323949,
  5.5;

Shading:Building:Detailed,
  tp0_shade_e01,
  ,
  4.0,
  -1.2,
  13.804444936323949,
  5.5,
  -1.2,
  5.040267850025432,
  5.5,
  0.0,
  5.040267850025432,
  5.5,
  0.0,
  13.804444936323949,
  5.5;

Shading:Building:Detailed,
  tp0_shade_i01,
  ,
  4.0,
  0.0,
  0.0,
  5.5,
  0.0,
  -1.2,
  5.5,
  10.002593413710266,
  -1.2,
  5.5,
  10.002593413710266,
  0.0,
  5.5;

Shading:Building:Detailed,
  tp0_shade_i02,
  ,
  4.0,
  10.002593413710266,
  -2.078460969082652,
  5.5,
  10.002593413710266,
  -3.2784609690826524,
  5.5,
  19.77135996839873,
  -3.2784609690826524,
  5.5,
  19.77135996839873,
  -2.078460969082652,
  5.5;

Shading:Building:Detailed,
  tp0_shade_i03,
  ,
  4.0,
  19.77135996839873,
  0.0,
  5.5,
  19.77135996839873,
  -1.2,
  5.5,
  29.773953382108997,
  -1.2,
  5.5,
  29.773953382108997,
  0.0,
  5.5;

Shading:Building:Detailed,
  tp0_shade_s01,
  ,
  4.0,
  0.0,
  20.044712786349384,
  5.5,
  0.0,
  18.844712786349385,
  5.5,
  10.002593413710266,
  18.844712786349385,
  5.5,
  10.002593413710266,
  20.044712786349384,
  5.5;

Shading:Building:Detailed,
  tp0_shade_s02,
  ,
  4.0,
  10.002593413710266,
  22.123173755432036,
  5.5,
  10.002593413710266,
  20.923173755432037,
  5.5,
  19.77135996839873,
  20.923173755432037,
  5.5,
  19.77135996839873,
  22.123173755432036,
  5.5;

Shading:Building:Detailed,
  tp0_shade_s03,
  ,
  4.0,
  19.77135996839873,
  20.044712786349384,
  5.5,
  19.77135996839873,
  18.844712786349385,
  5.5,
  29.773953382108997,
  18.844712786349385,
  5.5,
  29.773953382108997,
  20.044712786349384,
  5.5;


Shading:Building:Detailed,
  te_shade_d01,
  ,
  4.0,
  29.773953382108997,
  13.804444936323949,
  2.7,
  29.773953382108997,
  5.040267850025432,
  2.7,
  30.97395338210899,
  5.040267850025432,
  2.7,
  30.97395338210899,
  13.804444936323949,
  2.7;

Shading:Building:Detailed,
  te_shade_e01,
  ,
  4.0,
  -1.2,
  13.804444936323949,
  2.7,
  -1.2,
  5.040267850025432,
  2.7,
  0.0,
  5.040267850025432,
  2.7,
  0.0,
  13.804444936323949,
  2.7;

Shading:Building:Detailed,
  te_shade_i01,
  ,
  4.0,
  0.0,
  0.0,
  2.7,
  0.0,
  -1.2,
  2.7,
  10.002593413710266,
  -1.2,
  2.7,
  10.002593413710266,
  0.0,
  2.7;

Shading:Building:Detailed,
  te_shade_i02,
  ,
  4.0,
  10.002593413710266,
  -2.078460969082652,
  2.7,
  10.002593413710266,
  -3.2784609690826524,
  2.7,
  19.77135996839873,
  -3.2784609690826524,
  2.7,
  19.77135996839873,
  -2.078460969082652,
  2.7;

Shading:Building:Detailed,
  te_shade_i03,
  ,
  4.0,
  19.77135996839873,
  0.0,
  2.7,
  19.77135996839873,
  -1.2,
  2.7,
  29.773953382108997,
  -1.2,
  2.7,
  29.773953382108997,
  0.0,
  2.7;

Shading:Building:Detailed,
  te_shade_s01,
  ,
  4.0,
  0.0,
  20.044712786349384,
  2.7,
  0.0,
  18.844712786349385,
  2.7,
  10.002593413710266,
  18.844712786349385,
  2.7,
  10.002593413710266,
  20.044712786349384,
  2.7;

Shading:Building:Detailed,
  te_shade_s02,
  ,
  4.0,
  10.002593413710266,
  22.123173755432036,
  2.7,
  10.002593413710266,
  20.923173755432037,
  2.7,
  19.77135996839873,
  20.923173755432037,
  2.7,
  19.77135996839873,
  22.123173755432036,
  2.7;

Shading:Building:Detailed,
  te_shade_s03,
  ,
  4.0,
  19.77135996839873,
  20.044712786349384,
  2.7,
  19.77135996839873,
  18.844712786349385,
  2.7,
  29.773953382108997,
  18.844712786349385,
  2.7,
  29.773953382108997,
  20.044712786349384,
  2.7;

