!-   ===========  ALL OBJECTS IN CLASS: SHADING:BUILDING:DETAILED ===========

Shading:Building:Detailed,
  co_shade_d01,
  ,
  4.0,
  24.310331137193506,
  11.271282092113566,
  8.3,
  24.310331137193506,
  4.115361466505706,
  8.3,
  25.5103311371935,
  4.115361466505706,
  8.3,
  25.5103311371935,
  11.271282092113566,
  8.3;

Shading:Building:Detailed,
  co_shade_e01,
  ,
  4.0,
  -1.2,
  11.271282092113566,
  8.3,
  -1.2,
  4.115361466505706,
  8.3,
  0.0,
  4.115361466505706,
  8.3,
  0.0,
  11.271282092113566,
  8.3;

Shading:Building:Detailed,
  co_shade_i01,
  ,
  4.0,
  0.0,
  0.0,
  8.3,
  0.0,
  -1.2,
  8.3,
  8.167083322704624,
  -1.2,
  8.3,
  8.167083322704624,
  0.0,
  8.3;

Shading:Building:Detailed,
  co_shade_i02,
  ,
  4.0,
  8.167083322704624,
  -1.6970562748477139,
  8.3,
  8.167083322704624,
  -2.8970562748477137,
  8.3,
  16.143247814488878,
  -2.8970562748477137,
  8.3,
  16.143247814488878,
  -1.6970562748477139,
  8.3;

Shading:Building:Detailed,
  co_shade_i03,
  ,
  4.0,
  16.143247814488878,
  0.0,
  8.3,
  16.143247814488878,
  -1.2,
  8.3,
  24.310331137193506,
  -1.2,
  8.3,
  24.310331137193506,
  0.0,
  8.3;

Shading:Building:Detailed,
  co_shade_s01,
  ,
  4.0,
  0.0,
  16.586643558619273,
  8.3,
  0.0,
  15.386643558619275,
  8.3,
  8.167083322704624,
  15.386643558619275,
  8.3,
  8.167083322704624,
  16.586643558619273,
  8.3;

Shading:Building:Detailed,
  co_shade_s02,
  ,
  4.0,
  8.167083322704624,
  18.283699833466988,
  8.3,
  8.167083322704624,
  17.083699833466988,
  8.3,
  16.143247814488878,
  17.083699833466988,
  8.3,
  16.143247814488878,
  18.283699833466988,
  8.3;

Shading:Building:Detailed,
  co_shade_s03,
  ,
  4.0,
  16.143247814488878,
  16.586643558619273,
  8.3,
  16.143247814488878,
  15.386643558619275,
  8.3,
  24.310331137193506,
  15.386643558619275,
  8.3,
  24.310331137193506,
  16.586643558619273,
  8.3;


Shading:Building:Detailed,
  tp0_shade_d01,
  ,
  4.0,
  24.310331137193506,
  11.271282092113566,
  5.5,
  24.310331137193506,
  4.115361466505706,
  5.5,
  25.5103311371935,
  4.115361466505706,
  5.5,
  25.5103311371935,
  11.271282092113566,
  5.5;

Shading:Building:Detailed,
  tp0_shade_e01,
  ,
  4.0,
  -1.2,
  11.271282092113566,
  5.5,
  -1.2,
  4.115361466505706,
  5.5,
  0.0,
  4.115361466505706,
  5.5,
  0.0,
  11.271282092113566,
  5.5;

Shading:Building:Detailed,
  tp0_shade_i01,
  ,
  4.0,
  0.0,
  0.0,
  5.5,
  0.0,
  -1.2,
  5.5,
  8.167083322704624,
  -1.2,
  5.5,
  8.167083322704624,
  0.0,
  5.5;

Shading:Building:Detailed,
  tp0_shade_i02,
  ,
  4.0,
  8.167083322704624,
  -1.6970562748477139,
  5.5,
  8.167083322704624,
  -2.8970562748477137,
  5.5,
  16.143247814488878,
  -2.8970562748477137,
  5.5,
  16.143247814488878,
  -1.6970562748477139,
  5.5;

Shading:Building:Detailed,
  tp0_shade_i03,
  ,
  4.0,
  16.143247814488878,
  0.0,
  5.5,
  16.143247814488878,
  -1.2,
  5.5,
  24.310331137193506,
  -1.2,
  5.5,
  24.310331137193506,
  0.0,
  5.5;

Shading:Building:Detailed,
  tp0_shade_s01,
  ,
  4.0,
  0.0,
  16.586643558619273,
  5.5,
  0.0,
  15.386643558619275,
  5.5,
  8.167083322704624,
  15.386643558619275,
  5.5,
  8.167083322704624,
  16.586643558619273,
  5.5;

Shading:Building:Detailed,
  tp0_shade_s02,
  ,
  4.0,
  8.167083322704624,
  18.283699833466988,
  5.5,
  8.167083322704624,
  17.083699833466988,
  5.5,
  16.143247814488878,
  17.083699833466988,
  5.5,
  16.143247814488878,
  18.283699833466988,
  5.5;

Shading:Building:Detailed,
  tp0_shade_s03,
  ,
  4.0,
  16.143247814488878,
  16.586643558619273,
  5.5,
  16.143247814488878,
  15.386643558619275,
  5.5,
  24.310331137193506,
  15.386643558619275,
  5.5,
  24.310331137193506,
  16.586643558619273,
  5.5;


Shading:Building:Detailed,
  te_shade_d01,
  ,
  4.0,
  24.310331137193506,
  11.271282092113566,
  2.7,
  24.310331137193506,
  4.115361466505706,
  2.7,
  25.5103311371935,
  4.115361466505706,
  2.7,
  25.5103311371935,
  11.271282092113566,
  2.7;

Shading:Building:Detailed,
  te_shade_e01,
  ,
  4.0,
  -1.2,
  11.271282092113566,
  2.7,
  -1.2,
  4.115361466505706,
  2.7,
  0.0,
  4.115361466505706,
  2.7,
  0.0,
  11.271282092113566,
  2.7;

Shading:Building:Detailed,
  te_shade_i01,
  ,
  4.0,
  0.0,
  0.0,
  2.7,
  0.0,
  -1.2,
  2.7,
  8.167083322704624,
  -1.2,
  2.7,
  8.167083322704624,
  0.0,
  2.7;

Shading:Building:Detailed,
  te_shade_i02,
  ,
  4.0,
  8.167083322704624,
  -1.6970562748477139,
  2.7,
  8.167083322704624,
  -2.8970562748477137,
  2.7,
  16.143247814488878,
  -2.8970562748477137,
  2.7,
  16.143247814488878,
  -1.6970562748477139,
  2.7;

Shading:Building:Detailed,
  te_shade_i03,
  ,
  4.0,
  16.143247814488878,
  0.0,
  2.7,
  16.143247814488878,
  -1.2,
  2.7,
  24.310331137193506,
  -1.2,
  2.7,
  24.310331137193506,
  0.0,
  2.7;

Shading:Building:Detailed,
  te_shade_s01,
  ,
  4.0,
  0.0,
  16.586643558619273,
  2.7,
  0.0,
  15.386643558619275,
  2.7,
  8.167083322704624,
  15.386643558619275,
  2.7,
  8.167083322704624,
  16.586643558619273,
  2.7;

Shading:Building:Detailed,
  te_shade_s02,
  ,
  4.0,
  8.167083322704624,
  18.283699833466988,
  2.7,
  8.167083322704624,
  17.083699833466988,
  2.7,
  16.143247814488878,
  17.083699833466988,
  2.7,
  16.143247814488878,
  18.283699833466988,
  2.7;

Shading:Building:Detailed,
  te_shade_s03,
  ,
  4.0,
  16.143247814488878,
  16.586643558619273,
  2.7,
  16.143247814488878,
  15.386643558619275,
  2.7,
  24.310331137193506,
  15.386643558619275,
  2.7,
  24.310331137193506,
  16.586643558619273,
  2.7;

